0 1.005 1.01 1.00718 1.12487 0.541449 0.852604
0.01 1.0098 1.02007 1.01405 1.12474 0.542706 0.863722
0.02 1.01441 1.03021 1.02062 1.12461 0.544074 0.874826
0.03 1.01884 1.04042 1.0269 1.12448 0.545552 0.885914
0.04 1.02307 1.05069 1.0329 1.12435 0.54714 0.896985
0.05 1.02713 1.06102 1.03861 1.12423 0.548838 0.908038
0.06 1.03101 1.0714 1.04407 1.1241 0.550646 0.919072
0.07 1.03473 1.08184 1.04926 1.12398 0.552564 0.930085
0.08 1.03827 1.09234 1.0542 1.12386 0.554591 0.941077
0.09 1.04165 1.10288 1.0589 1.12375 0.556728 0.952047
0.1 1.04487 1.11347 1.06336 1.12363 0.558974 0.962994
0.11 1.04794 1.1241 1.06759 1.12352 0.561329 0.973916
0.12 1.05085 1.13478 1.0716 1.12341 0.563793 0.984812
0.13 1.05362 1.14549 1.07539 1.1233 0.566365 0.995682
0.14 1.05624 1.15625 1.07896 1.12319 0.569046 1.00652
0.15 1.05872 1.16704 1.08234 1.12309 0.571835 1.01734
0.16 1.06106 1.17786 1.08551 1.12299 0.574732 1.02812
0.17 1.06327 1.18871 1.08849 1.12289 0.577736 1.03888
0.18 1.06535 1.1996 1.09129 1.12279 0.580847 1.0496
0.19 1.0673 1.21051 1.0939 1.12269 0.584066 1.06029
0.2 1.06912 1.22145 1.09633 1.1226 0.587391 1.07094
0.21 1.07082 1.23241 1.09859 1.12251 0.590823 1.08156
0.22 1.07241 1.2434 1.10069 1.12242 0.59436 1.09214
0.23 1.07387 1.25441 1.10262 1.12233 0.598003 1.10269
0.24 1.07523 1.26543 1.10439 1.12225 0.601752 1.1132
0.25 1.07647 1.27648 1.10601 1.12216 0.605605 1.12367
0.26 1.07761 1.28754 1.10747 1.12208 0.609563 1.1341
0.27 1.07864 1.29861 1.10879 1.122 0.613625 1.14449
0.28 1.07957 1.3097 1.10997 1.12192 0.617791 1.15484
0.29 1.0804 1.3208 1.11101 1.12185 0.62206 1.16514
0.3 1.08114 1.33191 1.11191 1.12177 0.626432 1.1754
0.31 1.08177 1.34303 1.11268 1.1217 0.630907 1.18562
0.32 1.08232 1.35416 1.11332 1.12163 0.635483 1.19578
0.33 1.08277 1.36529 1.11384 1.12156 0.640161 1.20591
0.34 1.08314 1.37643 1.11423 1.12149 0.64494 1.21598
0.35 1.08341 1.38757 1.11451 1.12142 0.64982 1.226
0.36 1.08361 1.39871 1.11466 1.12136 0.6548 1.23598
0.37 1.08372 1.40986 1.11471 1.1213 0.659879 1.2459
0.38 1.08375 1.42101 1.11464 1.12123 0.665058 1.25577
0.39 1.0837 1.43215 1.11446 1.12117 0.670335 1.26559
0.4 1.08358 1.4433 1.11418 1.12111 0.67571 1.27535
0.41 1.08338 1.45444 1.1138 1.12106 0.681182 1.28506
0.42 1.08311 1.46558 1.11331 1.121 0.686752 1.29472
0.43 1.08276 1.47671 1.11272 1.12095 0.692418 1.30431
0.44 1.08235 1.48784 1.11204 1.12089 0.69818 1.31385
0.45 1.08186 1.49896 1.11126 1.12084 0.704037 1.32333
0.46 1.08131 1.51007 1.11039 1.12079 0.709989 1.33275
0.47 1.0807 1.52118 1.10943 1.12074 0.716034 1.34211
0.48 1.08002 1.53227 1.10838 1.12069 0.722174 1.35141
0.49 1.07928 1.54335 1.10724 1.12064 0.728406 1.36065
0.5 1.07848 1.55443 1.10601 1.1206 0.73473 1.36982
0.51 1.07762 1.56549 1.10471 1.12055 0.741146 1.37893
0.52 1.0767 1.57653 1.10332 1.12051 0.747652 1.38798
0.53 1.07572 1.58757 1.10185 1.12046 0.754249 1.39695
0.54 1.07469 1.59859 1.1003 1.12042 0.760936 1.40586
0.55 1.0736 1.60959 1.09867 1.12038 0.767711 1.41471
0.56 1.07246 1.62058 1.09697 1.12034 0.774575 1.42348
0.57 1.07127 1.63155 1.0952 1.1203 0.781526 1.43219
0.58 1.07003 1.6425 1.09335 1.12026 0.788565 1.44082
0.59 1.06873 1.65343 1.09142 1.12023 0.795689 1.44938
0.6 1.06739 1.66434 1.08943 1.12019 0.802899 1.45787
0.61 1.066 1.67524 1.08737 1.12015 0.810193 1.46629
0.62 1.06456 1.68611 1.08524 1.12012 0.817571 1.47464
0.63 1.06308 1.69697 1.08305 1.12009 0.825033 1.48291
0.64 1.06155 1.7078 1.08078 1.12005 0.832577 1.4911
0.65 1.05998 1.7186 1.07846 1.12002 0.840203 1.49922
0.66 1.05837 1.72939 1.07607 1.11999 0.847909 1.50726
0.67 1.05671 1.74015 1.07362 1.11996 0.855696 1.51522
0.68 1.05501 1.75088 1.0711 1.11993 0.863563 1.52311
0.69 1.05328 1.7616 1.06853 1.1199 0.871507 1.53091
0.7 1.0515 1.77228 1.06589 1.11987 0.87953 1.53864
0.71 1.04968 1.78294 1.0632 1.11984 0.88763 1.54628
0.72 1.04783 1.79357 1.06045 1.11982 0.895806 1.55384
0.73 1.04594 1.80418 1.05764 1.11979 0.904057 1.56132
0.74 1.04401 1.81475 1.05478 1.11977 0.912383 1.56872
0.75 1.04205 1.8253 1.05186 1.11974 0.920782 1.57603
0.76 1.04005 1.83582 1.04889 1.11972 0.929254 1.58326
0.77 1.03801 1.84631 1.04586 1.11969 0.937798 1.59041
0.78 1.03595 1.85677 1.04278 1.11967 0.946414 1.59746
0.79 1.03385 1.86719 1.03965 1.11965 0.955099 1.60443
0.8 1.03172 1.87759 1.03646 1.11963 0.963854 1.61131
0.81 1.02955 1.88796 1.03323 1.11961 0.972678 1.61811
0.82 1.02736 1.89829 1.02995 1.11959 0.981569 1.62481
0.83 1.02513 1.90859 1.02661 1.11957 0.990527 1.63143
0.84 1.02288 1.91885 1.02323 1.11955 0.999551 1.63796
0.85 1.0206 1.92909 1.0198 1.11953 1.00864 1.64439
0.86 1.01828 1.93928 1.01632 1.11951 1.01779 1.65073
0.87 1.01594 1.94945 1.0128 1.11949 1.02701 1.65698
0.88 1.01357 1.95958 1.00923 1.11948 1.03629 1.66314
0.89 1.01118 1.96967 1.00561 1.11946 1.04562 1.66921
0.9 1.00875 1.97972 1.00195 1.11944 1.05502 1.67518
0.91 1.00631 1.98974 0.998249 1.11943 1.06448 1.68106
0.92 1.00383 1.99973 0.9945 1.11941 1.074 1.68684
0.93 1.00133 2.00967 0.990708 1.1194 1.08358 1.69252
0.94 0.998808 2.01958 0.986873 1.11938 1.09321 1.69811
0.95 0.99626 2.02945 0.982996 1.11937 1.10289 1.70361
0.96 0.993688 2.03928 0.979077 1.11936 1.11263 1.709
0.97 0.991093 2.04907 0.975117 1.11935 1.12243 1.7143
0.98 0.988475 2.05882 0.971116 1.11933 1.13228 1.7195
0.99 0.985834 2.06853 0.967074 1.11932 1.14218 1.7246
1 0.983171 2.0782 0.962993 1.11931 1.15213 1.7296
1.01 0.980486 2.08783 0.958872 1.1193 1.16213 1.7345
1.02 0.97778 2.09742 0.954712 1.11929 1.17217 1.7393
1.03 0.975053 2.10697 0.950514 1.11928 1.18227 1.744
1.04 0.972306 2.11647 0.946277 1.11927 1.19241 1.7486
1.05 0.969539 2.12593 0.942003 1.11926 1.2026 1.7531
1.06 0.966751 2.13535 0.937692 1.11926 1.21283 1.75749
1.07 0.963944 2.14473 0.933344 1.11925 1.22311 1.76178
1.08 0.961118 2.15406 0.928959 1.11924 1.23343 1.76597
1.09 0.958273 2.16335 0.924539 1.11923 1.24378 1.77006
1.1 0.95541 2.1726 0.920082 1.11923 1.25419 1.77404
1.11 0.952529 2.1818 0.915591 1.11922 1.26462 1.77791
1.12 0.949629 2.19096 0.911064 1.11922 1.2751 1.78169
1.13 0.946713 2.20007 0.906503 1.11921 1.28562 1.78535
1.14 0.943779 2.20913 0.901908 1.1192 1.29617 1.78891
1.15 0.940828 2.21815 0.897278 1.1192 1.30676 1.79237
1.16 0.93786 2.22712 0.892616 1.1192 1.31738 1.79572
1.17 0.934876 2.23605 0.88792 1.11919 1.32803 1.79896
1.18 0.931876 2.24493 0.883192 1.11919 1.33872 1.80209
1.19 0.92886 2.25376 0.878431 1.11919 1.34943 1.80512
1.2 0.925829 2.26255 0.873638 1.11918 1.36018 1.80804
1.21 0.922783 2.27128 0.868813 1.11918 1.37095 1.81086
1.22 0.919721 2.27997 0.863957 1.11918 1.38176 1.81356
1.23 0.916645 2.28861 0.85907 1.11918 1.39259 1.81616
1.24 0.913554 2.2972 0.854152 1.11918 1.40344 1.81865
1.25 0.910449 2.30574 0.849203 1.11918 1.41432 1.82103
1.26 0.90733 2.31423 0.844224 1.11918 1.42522 1.8233
1.27 0.904197 2.32268 0.839216 1.11918 1.43615 1.82546
1.28 0.901051 2.33107 0.834177 1.11918 1.4471 1.82751
1.29 0.897891 2.33941 0.82911 1.11918 1.45806 1.82945
1.3 0.894718 2.3477 0.824014 1.11918 1.46905 1.83128
1.31 0.891533 2.35594 0.818888 1.11918 1.48005 1.83301
1.32 0.888334 2.36413 0.813735 1.11918 1.49107 1.83462
1.33 0.885123 2.37227 0.808553 1.11918 1.50211 1.83612
1.34 0.8819 2.38035 0.803344 1.11918 1.51316 1.83751
1.35 0.878665 2.38839 0.798107 1.11919 1.52422 1.83879
1.36 0.875418 2.39637 0.792843 1.11919 1.53529 1.83996
1.37 0.87216 2.4043 0.787551 1.11919 1.54638 1.84102
1.38 0.86889 2.41217 0.782233 1.1192 1.55748 1.84196
1.39 0.865608 2.41999 0.776889 1.1192 1.56858 1.8428
1.4 0.862316 2.42776 0.771518 1.11921 1.5797 1.84352
1.41 0.859012 2.43548 0.766122 1.11921 1.59082 1.84414
1.42 0.855698 2.44314 0.7607 1.11922 1.60195 1.84464
1.43 0.852374 2.45075 0.755252 1.11922 1.61308 1.84503
1.44 0.849039 2.4583 0.74978 1.11923 1.62421 1.84531
1.45 0.845693 2.4658 0.744282 1.11923 1.63535 1.84548
1.46 0.842338 2.47324 0.73876 1.11924 1.64648 1.84553
1.47 0.838973 2.48063 0.733214 1.11924 1.65762 1.84548
1.48 0.835598 2.48796 0.727643 1.11925 1.66876 1.84531
1.49 0.832213 2.49524 0.722049 1.11926 1.67989 1.84504
1.5 0.82882 2.50246 0.716431 1.11927 1.69103 1.84465
1.51 0.825416 2.50962 0.710789 1.11927 1.70215 1.84414
1.52 0.822004 2.51673 0.705125 1.11928 1.71327 1.84353
1.53 0.818583 2.52378 0.699438 1.11929 1.72439 1.84281
1.54 0.815153 2.53077 0.693728 1.1193 1.7355 1.84197
1.55 0.811714 2.53771 0.687995 1.11931 1.74659 1.84103
1.56 0.808267 2.54459 0.682241 1.11931 1.75768 1.83997
1.57 0.804812 2.55141 0.676464 1.11932 1.76876 1.8388
1.58 0.801348 2.55818 0.670666 1.11933 1.77982 1.83752
1.59 0.797876 2.56488 0.664846 1.11934 1.79088 1.83614
1.6 0.794396 2.57153 0.659006 1.11935 1.80191 1.83464
1.61 0.790908 2.57812 0.653144 1.11936 1.81294 1.83303
1.62 0.787413 2.58465 0.647261 1.11937 1.82394 1.8313
1.63 0.783909 2.59113 0.641358 1.11938 1.83493 1.82947
1.64 0.780399 2.59754 0.635435 1.1194 1.8459 1.82753
1.65 0.776881 2.60389 0.629492 1.11941 1.85685 1.82548
1.66 0.773356 2.61019 0.623529 1.11942 1.86777 1.82332
1.67 0.769824 2.61643 0.617546 1.11943 1.87868 1.82105
1.68 0.766284 2.6226 0.611544 1.11944 1.88956 1.81868
1.69 0.762738 2.62872 0.605523 1.11945 1.90042 1.81619
1.7 0.759185 2.63477 0.599482 1.11947 1.91125 1.81359
1.71 0.755626 2.64077 0.593423 1.11948 1.92206 1.81089
1.72 0.75206 2.6467 0.587346 1.11949 1.93284 1.80808
1.73 0.748487 2.65257 0.58125 1.11951 1.94359 1.80516
1.74 0.744909 2.65839 0.575137 1.11952 1.95431 1.80213
1.75 0.741324 2.66414 0.569005 1.11953 1.965 1.799
1.76 0.737733 2.66983 0.562856 1.11955 1.97566 1.79576
1.77 0.734136 2.67546 0.55669 1.11956 1.98629 1.79241
1.78 0.730533 2.68102 0.550506 1.11958 1.99688 1.78896
1.79 0.726924 2.68653 0.544305 1.11959 2.00743 1.7854
1.8 0.723309 2.69197 0.538088 1.1196 2.01795 1.78173
1.81 0.719689 2.69735 0.531854 1.11962 2.02844 1.77796
1.82 0.716064 2.70267 0.525604 1.11964 2.03888 1.77409
1.83 0.712433 2.70793 0.519338 1.11965 2.04929 1.77011
1.84 0.708797 2.71312 0.513056 1.11967 2.05965 1.76603
1.85 0.705155 2.71825 0.506758 1.11968 2.06998 1.76184
1.86 0.701508 2.72332 0.500445 1.1197 2.08026 1.75755
1.87 0.697857 2.72832 0.494117 1.11971 2.0905 1.75316
1.88 0.6942 2.73326 0.487773 1.11973 2.10069 1.74866
1.89 0.690539 2.73814 0.481415 1.11975 2.11084 1.74407
1.9 0.686873 2.74296 0.475042 1.11976 2.12094 1.73937
1.91 0.683202 2.74771 0.468655 1.11978 2.131 1.73457
1.92 0.679526 2.75239 0.462253 1.1198 2.14101 1.72967
1.93 0.675846 2.75702 0.455838 1.11982 2.15096 1.72467
1.94 0.672162 2.76157 0.449409 1.11983 2.16087 1.71957
1.95 0.668473 2.76607 0.442966 1.11985 2.17072 1.71438
1.96 0.66478 2.7705 0.43651 1.11987 2.18053 1.70908
1.97 0.661083 2.77486 0.430041 1.11989 2.19028 1.70369
1.98 0.657382 2.77916 0.423559 1.1199 2.19997 1.6982
1.99 0.653676 2.7834 0.417064 1.11992 2.20961 1.69261
2 0.649967 2.78757 0.410557 1.11994 2.21919 1.68693
2.01 0.646254 2.79167 0.404038 1.11996 2.22872 1.68115
2.02 0.642537 2.79571 0.397506 1.11998 2.23819 1.67527
2.03 0.638817 2.79969 0.390962 1.12 2.2476 1.6693
2.04 0.635092 2.8036 0.384407 1.12002 2.25695 1.66324
2.05 0.631365 2.80744 0.37784 1.12004 2.26623 1.65708
2.06 0.627633 2.81122 0.371263 1.12006 2.27546 1.65084
2.07 0.623899 2.81493 0.364674 1.12008 2.28462 1.6445
2.08 0.620161 2.81858 0.358074 1.1201 2.29372 1.63806
2.09 0.616419 2.82216 0.351463 1.12012 2.30275 1.63154
2.1 0.612675 2.82568 0.344842 1.12014 2.31172 1.62493
2.11 0.608927 2.82913 0.338211 1.12016 2.32062 1.61823
2.12 0.605177 2.83251 0.33157 1.12018 2.32946 1.61143
2.13 0.601423 2.83582 0.324919 1.1202 2.33822 1.60456
2.14 0.597667 2.83907 0.318258 1.12022 2.34692 1.59759
2.15 0.593907 2.84225 0.311588 1.12024 2.35555 1.59054
2.16 0.590145 2.84537 0.304909 1.12026 2.3641 1.5834
2.17 0.58638 2.84842 0.29822 1.12028 2.37259 1.57617
2.18 0.582613 2.8514 0.291523 1.1203 2.381 1.56886
2.19 0.578843 2.85432 0.284817 1.12032 2.38934 1.56147
2.2 0.57507 2.85717 0.278103 1.12034 2.3976 1.55399
2.21 0.571295 2.85995 0.271381 1.12037 2.40579 1.54644
2.22 0.567518 2.86266 0.26465 1.12039 2.4139 1.5388
2.23 0.563738 2.86531 0.257912 1.12041 2.42194 1.53108
2.24 0.559956 2.86789 0.251166 1.12043 2.4299 1.52327
2.25 0.556172 2.8704 0.244413 1.12045 2.43778 1.51539
2.26 0.552386 2.87284 0.237653 1.12047 2.44558 1.50744
2.27 0.548597 2.87522 0.230886 1.1205 2.4533 1.4994
2.28 0.544807 2.87753 0.224111 1.12052 2.46094 1.49129
2.29 0.541015 2.87977 0.217331 1.12054 2.4685 1.4831
2.3 0.53722 2.88194 0.210544 1.12056 2.47598 1.47483
2.31 0.533424 2.88405 0.20375 1.12059 2.48337 1.46649
2.32 0.529627 2.88608 0.196951 1.12061 2.49068 1.45808
2.33 0.525827 2.88805 0.190146 1.12063 2.4979 1.4496
2.34 0.522026 2.88996 0.183336 1.12065 2.50504 1.44104
2.35 0.518224 2.89179 0.17652 1.12068 2.5121 1.43241
2.36 0.514419 2.89355 0.169699 1.1207 2.51907 1.42371
2.37 0.510614 2.89525 0.162872 1.12072 2.52595 1.41495
2.38 0.506807 2.89688 0.156042 1.12074 2.53274 1.40611
2.39 0.502998 2.89844 0.149206 1.12077 2.53944 1.39721
2.4 0.499189 2.89993 0.142366 1.12079 2.54606 1.38824
2.41 0.495378 2.90136 0.135522 1.12081 2.55258 1.3792
2.42 0.491566 2.90271 0.128675 1.12084 2.55902 1.3701
2.43 0.487753 2.904 0.121823 1.12086 2.56536 1.36093
2.44 0.483938 2.90522 0.114968 1.12088 2.57161 1.35171
2.45 0.480123 2.90637 0.108109 1.12091 2.57777 1.34242
2.46 0.476307 2.90745 0.101247 1.12093 2.58383 1.33307
2.47 0.47249 2.90846 0.0943827 1.12095 2.5898 1.32365
2.48 0.468672 2.9094 0.0875152 1.12098 2.59568 1.31418
2.49 0.464854 2.91028 0.0806452 1.121 2.60146 1.30465
2.5 0.461034 2.91108 0.0737729 1.12102 2.60715 1.29507
2.51 0.457214 2.91182 0.0668984 1.12105 2.61274 1.28542
2.52 0.453394 2.91249 0.0600219 1.12107 2.61823 1.27573
2.53 0.449573 2.91309 0.0531437 1.12109 2.62363 1.26597
2.54 0.445751 2.91362 0.0462639 1.12112 2.62892 1.25617
2.55 0.441929 2.91409 0.0393828 1.12114 2.63412 1.24631
2.56 0.438106 2.91448 0.0325006 1.12117 2.63923 1.2364
2.57 0.434284 2.9148 0.0256173 1.12119 2.64423 1.22644
2.58 0.430461 2.91506 0.0187334 1.12121 2.64913 1.21642
2.59 0.426638 2.91525 0.0118489 1.12124 2.65393 1.20637
2.6 0.422814 2.91537 0.00496405 1.12126 2.65863 1.19626
2.61 0.418991 2.91542 -0.00192094 1.12128 2.66323 1.1861
2.62 0.415167 2.9154 -0.00880587 1.12131 2.66773 1.17591
2.63 0.411344 2.91531 -0.0156905 1.12133 2.67213 1.16566
2.64 0.40752 2.91515 -0.0225748 1.12136 2.67642 1.15537
2.65 0.403697 2.91493 -0.0294583 1.12138 2.68061 1.14504
2.66 0.399874 2.91463 -0.036341 1.1214 2.6847 1.13467
2.67 0.396051 2.91427 -0.0432227 1.12143 2.68868 1.12426
2.68 0.392229 2.91384 -0.0501031 1.12145 2.69256 1.11381
2.69 0.388406 2.91334 -0.056982 1.12147 2.69633 1.10332
2.7 0.384585 2.91277 -0.0638592 1.1215 2.7 1.09279
2.71 0.380763 2.91213 -0.0707346 1.12152 2.70356 1.08223
2.72 0.376943 2.91142 -0.077608 1.12154 2.70702 1.07163
2.73 0.373122 2.91064 -0.084479 1.12157 2.71037 1.061
2.74 0.369303 2.9098 -0.0913476 1.12159 2.71362 1.05034
2.75 0.365484 2.90888 -0.0982136 1.12161 2.71676 1.03964
2.76 0.361666 2.9079 -0.105077 1.12164 2.71979 1.02891
2.77 0.357848 2.90685 -0.111937 1.12166 2.72271 1.01815
2.78 0.354032 2.90573 -0.118793 1.12168 2.72553 1.00737
2.79 0.350216 2.90454 -0.125647 1.12171 2.72823 0.996551
2.8 0.346401 2.90329 -0.132496 1.12173 2.73083 0.98571
2.81 0.342588 2.90196 -0.139342 1.12175 2.73333 0.974844
2.82 0.338775 2.90057 -0.146184 1.12178 2.73571 0.963952
2.83 0.334964 2.89911 -0.153021 1.1218 2.73798 0.953038
2.84 0.331154 2.89758 -0.159854 1.12182 2.74015 0.942101
2.85 0.327345 2.89598 -0.166682 1.12185 2.7422 0.931144
2.86 0.323537 2.89431 -0.173505 1.12187 2.74415 0.920166
2.87 0.319731 2.89258 -0.180324 1.12189 2.74598 0.909169
2.88 0.315926 2.89077 -0.187137 1.12192 2.74771 0.898154
2.89 0.312123 2.8889 -0.193944 1.12194 2.74932 0.887122
2.9 0.308321 2.88696 -0.200746 1.12196 2.75083 0.876075
2.91 0.304521 2.88496 -0.207542 1.12198 2.75222 0.865013
2.92 0.300722 2.88288 -0.214332 1.12201 2.75351 0.853938
2.93 0.296925 2.88074 -0.221115 1.12203 2.75468 0.84285
2.94 0.29313 2.87853 -0.227892 1.12205 2.75574 0.831751
2.95 0.289337 2.87625 -0.234663 1.12207 2.75669 0.820642
2.96 0.285546 2.8739 -0.241426 1.12209 2.75753 0.809524
2.97 0.281757 2.87149 -0.248182 1.12212 2.75826 0.798398
2.98 0.277969 2.869 -0.254932 1.12214 2.75888 0.787265
2.99 0.274184 2.86646 -0.261673 1.12216 2.75938 0.776127
3 0.270401 2.86384 -0.268407 1.12218 2.75978 0.764984
3.01 0.266621 2.86115 -0.275133 1.1222 2.76006 0.753837
3.02 0.262842 2.8584 -0.281851 1.12222 2.76023 0.742688
3.03 0.259066 2.85558 -0.28856 1.12225 2.76029 0.731538
3.04 0.255293 2.8527 -0.295261 1.12227 2.76024 0.720388
3.05 0.251521 2.84975 -0.301953 1.12229 2.76008 0.709238
3.06 0.247753 2.84673 -0.308637 1.12231 2.7598 0.698091
3.07 0.243987 2.84364 -0.315311 1.12233 2.75942 0.686947
3.08 0.240223 2.84049 -0.321976 1.12235 2.75892 0.675808
3.09 0.236463 2.83727 -0.328631 1.12237 2.75831 0.664673
3.1 0.232705 2.83398 -0.335277 1.12239 2.75759 0.653546
3.11 0.22895 2.83063 -0.341912 1.12241 2.75676 0.642426
3.12 0.225198 2.82721 -0.348538 1.12243 2.75582 0.631314
3.13 0.221449 2.82372 -0.355153 1.12245 2.75477 0.620213
3.14 0.217703 2.82017 -0.361758 1.12247 2.75361 0.609123
3.15 0.213961 2.81655 -0.368352 1.12249 2.75233 0.598045
3.16 0.210221 2.81287 -0.374934 1.12251 2.75095 0.58698
3.17 0.206485 2.80912 -0.381506 1.12253 2.74945 0.575929
3.18 0.202752 2.80531 -0.388066 1.12255 2.74784 0.564894
3.19 0.199023 2.80143 -0.394615 1.12257 2.74613 0.553875
3.2 0.195297 2.79748 -0.401152 1.12259 2.7443 0.542874
3.21 0.191575 2.79347 -0.407677 1.12261 2.74236 0.531892
3.22 0.187857 2.78939 -0.41419 1.12263 2.74032 0.520929
3.23 0.184142 2.78525 -0.42069 1.12264 2.73816 0.509987
3.24 0.180431 2.78104 -0.427178 1.12266 2.7359 0.499068
3.25 0.176724 2.77677 -0.433653 1.12268 2.73352 0.488171
3.26 0.173021 2.77243 -0.440114 1.1227 2.73104 0.477299
3.27 0.169322 2.76803 -0.446563 1.12272 2.72845 0.466452
3.28 0.165627 2.76357 -0.452998 1.12274 2.72575 0.455631
3.29 0.161936 2.75904 -0.45942 1.12275 2.72294 0.444838
3.3 0.15825 2.75444 -0.465827 1.12277 2.72003 0.434073
3.31 0.154568 2.74979 -0.472221 1.12279 2.717 0.423338
3.32 0.150891 2.74506 -0.4786 1.1228 2.71387 0.412634
3.33 0.147218 2.74028 -0.484965 1.12282 2.71064 0.401961
3.34 0.143549 2.73543 -0.491315 1.12284 2.70729 0.391322
3.35 0.139886 2.73051 -0.49765 1.12285 2.70384 0.380716
3.36 0.136227 2.72554 -0.50397 1.12287 2.70029 0.370145
3.37 0.132573 2.7205 -0.510274 1.12289 2.69663 0.359609
3.38 0.128924 2.7154 -0.516563 1.1229 2.69286 0.349111
3.39 0.125281 2.71023 -0.522837 1.12292 2.68899 0.338652
3.4 0.121642 2.705 -0.529094 1.12293 2.68501 0.328231
3.41 0.118009 2.69971 -0.535335 1.12295 2.68093 0.31785
3.42 0.114381 2.69436 -0.541559 1.12296 2.67675 0.307511
3.43 0.110758 2.68894 -0.547768 1.12298 2.67247 0.297214
3.44 0.107141 2.68346 -0.553959 1.12299 2.66808 0.28696
3.45 0.10353 2.67792 -0.560133 1.12301 2.66359 0.27675
3.46 0.0999243 2.67232 -0.56629 1.12302 2.65899 0.266586
3.47 0.0963246 2.66666 -0.572429 1.12303 2.6543 0.256468
3.48 0.0927309 2.66094 -0.57855 1.12305 2.6495 0.246397
3.49 0.0891432 2.65515 -0.584654 1.12306 2.64461 0.236375
3.5 0.0855617 2.6493 -0.59074 1.12308 2.63961 0.226402
3.51 0.0819864 2.6434 -0.596807 1.12309 2.63452 0.21648
3.52 0.0784176 2.63743 -0.602855 1.1231 2.62932 0.206609
3.53 0.0748552 2.6314 -0.608885 1.12311 2.62403 0.19679
3.54 0.0712994 2.62531 -0.614895 1.12313 2.61864 0.187024
3.55 0.0677503 2.61916 -0.620887 1.12314 2.61315 0.177313
3.56 0.064208 2.61295 -0.626859 1.12315 2.60757 0.167657
3.57 0.0606726 2.60668 -0.632811 1.12316 2.60189 0.158057
3.58 0.0571444 2.60036 -0.638743 1.12317 2.59611 0.148515
3.59 0.0536232 2.59397 -0.644655 1.12318 2.59024 0.13903
3.6 0.0501094 2.58752 -0.650546 1.12319 2.58427 0.129605
3.61 0.046603 2.58102 -0.656417 1.1232 2.57821 0.12024
3.62 0.0431041 2.57445 -0.662267 1.12321 2.57206 0.110935
3.63 0.0396129 2.56783 -0.668096 1.12322 2.56582 0.101693
3.64 0.0361295 2.56115 -0.673904 1.12323 2.55948 0.092513
3.65 0.032654 2.55441 -0.67969 1.12324 2.55305 0.083397
3.66 0.0291866 2.54761 -0.685454 1.12325 2.54653 0.0743456
3.67 0.0257273 2.54076 -0.691197 1.12326 2.53992 0.0653598
3.68 0.0222764 2.53385 -0.696917 1.12327 2.53322 0.0564404
3.69 0.018834 2.52688 -0.702614 1.12328 2.52643 0.0475883
3.7 0.0154001 2.51985 -0.708289 1.12329 2.51955 0.0388044
3.71 0.011975 2.51277 -0.71394 1.12329 2.51259 0.0300897
3.72 0.00855878 2.50563 -0.719569 1.1233 2.50554 0.0214449
3.73 0.0051516 2.49843 -0.725173 1.12331 2.4984 0.0128709
3.74 0.0017536 2.49118 -0.730755 1.12332 2.49118 0.00436854
3.75 -0.00163505 2.48387 -0.736312 1.12332 2.48387 -0.00406125
3.76 -0.00501421 2.47651 -0.741845 1.12333 2.47648 -0.0124177
3.77 -0.00838371 2.46909 -0.747353 1.12334 2.46901 -0.0206999
3.78 -0.0117434 2.46162 -0.752837 1.12334 2.46145 -0.0289071
3.79 -0.0150931 2.45409 -0.758295 1.12335 2.45381 -0.0370385
3.8 -0.0184327 2.44651 -0.763729 1.12335 2.44609 -0.0450932
3.81 -0.021762 2.43887 -0.769136 1.12336 2.43829 -0.0530704
3.82 -0.0250808 2.43118 -0.774519 1.12336 2.43041 -0.0609694
3.83 -0.0283889 2.42343 -0.779874 1.12337 2.42246 -0.0687894
3.84 -0.0316862 2.41564 -0.785204 1.12337 2.41442 -0.0765295
3.85 -0.0349725 2.40778 -0.790507 1.12337 2.40631 -0.084189
3.86 -0.0382476 2.39988 -0.795783 1.12338 2.39812 -0.0917671
3.87 -0.0415113 2.39192 -0.801032 1.12338 2.38986 -0.0992632
3.88 -0.0447634 2.38391 -0.806254 1.12338 2.38152 -0.106676
3.89 -0.0480038 2.37585 -0.811448 1.12338 2.37311 -0.114006
3.9 -0.0512322 2.36773 -0.816614 1.12339 2.36463 -0.121251
3.91 -0.0544485 2.35957 -0.821752 1.12339 2.35607 -0.128411
3.92 -0.0576523 2.35135 -0.826861 1.12339 2.34744 -0.135486
3.93 -0.0608436 2.34308 -0.831941 1.12339 2.33874 -0.142474
3.94 -0.0640222 2.33476 -0.836992 1.12339 2.32998 -0.149374
3.95 -0.0671877 2.32639 -0.842014 1.12339 2.32114 -0.156187
3.96 -0.07034 2.31797 -0.847006 1.12339 2.31224 -0.162912
3.97 -0.0734788 2.3095 -0.851968 1.12339 2.30327 -0.169547
3.98 -0.076604 2.30098 -0.8569 1.12339 2.29423 -0.176092
3.99 -0.0797152 2.29241 -0.861801 1.12339 2.28513 -0.182547
4 -0.0828123 2.28379 -0.866671 1.12339 2.27597 -0.18891
4.01 -0.085895 2.27513 -0.871509 1.12339 2.26674 -0.195182
4.02 -0.0889631 2.26641 -0.876316 1.12338 2.25745 -0.201361
4.03 -0.0920163 2.25765 -0.881091 1.12338 2.2481 -0.207448
4.04 -0.0950544 2.24884 -0.885834 1.12338 2.23869 -0.21344
4.05 -0.098077 2.23998 -0.890544 1.12337 2.22922 -0.219339
4.06 -0.101084 2.23107 -0.895222 1.12337 2.21969 -0.225142
4.07 -0.104075 2.22212 -0.899866 1.12337 2.2101 -0.23085
4.08 -0.10705 2.21312 -0.904476 1.12336 2.20046 -0.236462
4.09 -0.110008 2.20408 -0.909052 1.12336 2.19076 -0.241978
4.1 -0.11295 2.19499 -0.913594 1.12335 2.181 -0.247396
4.11 -0.115874 2.18585 -0.918101 1.12335 2.17119 -0.252717
4.12 -0.118781 2.17667 -0.922573 1.12334 2.16133 -0.25794
4.13 -0.121671 2.16745 -0.92701 1.12333 2.15142 -0.263064
4.14 -0.124542 2.15818 -0.93141 1.12333 2.14146 -0.268089
4.15 -0.127395 2.14886 -0.935775 1.12332 2.13145 -0.273014
4.16 -0.130229 2.1395 -0.940102 1.12331 2.12139 -0.277839
4.17 -0.133045 2.1301 -0.944393 1.1233 2.11128 -0.282564
4.18 -0.135841 2.12066 -0.948646 1.12329 2.10112 -0.287187
4.19 -0.138617 2.11117 -0.952861 1.12329 2.09092 -0.291708
4.2 -0.141374 2.10164 -0.957038 1.12328 2.08068 -0.296128
4.21 -0.144109 2.09207 -0.961176 1.12327 2.07039 -0.300445
4.22 -0.146825 2.08246 -0.965275 1.12326 2.06006 -0.304659
4.23 -0.149519 2.07281 -0.969334 1.12324 2.04968 -0.30877
4.24 -0.152191 2.06312 -0.973353 1.12323 2.03927 -0.312778
4.25 -0.154842 2.05338 -0.977332 1.12322 2.02882 -0.316681
4.26 -0.15747 2.04361 -0.981269 1.12321 2.01832 -0.320479
4.27 -0.160076 2.0338 -0.985165 1.1232 2.00779 -0.324173
4.28 -0.162658 2.02394 -0.989019 1.12318 1.99723 -0.327761
4.29 -0.165217 2.01405 -0.99283 1.12317 1.98663 -0.331244
4.3 -0.167752 2.00413 -0.996598 1.12315 1.97599 -0.334621
4.31 -0.170262 1.99416 -1.00032 1.12314 1.96533 -0.337892
4.32 -0.172747 1.98416 -1.004 1.12312 1.95463 -0.341056
4.33 -0.175207 1.97412 -1.00764 1.12311 1.94389 -0.344113
4.34 -0.177641 1.96404 -1.01123 1.12309 1.93313 -0.347063
4.35 -0.180049 1.95393 -1.01477 1.12307 1.92234 -0.349905
4.36 -0.18243 1.94378 -1.01827 1.12306 1.91152 -0.35264
4.37 -0.184783 1.9336 -1.02172 1.12304 1.90068 -0.355266
4.38 -0.187108 1.92338 -1.02512 1.12302 1.88981 -0.357784
4.39 -0.189405 1.91313 -1.02848 1.123 1.87892 -0.360194
4.4 -0.191673 1.90284 -1.03178 1.12298 1.868 -0.362495
4.41 -0.193911 1.89253 -1.03504 1.12296 1.85706 -0.364686
4.42 -0.196119 1.88218 -1.03825 1.12294 1.8461 -0.366769
4.43 -0.198296 1.87179 -1.0414 1.12292 1.83511 -0.368742
4.44 -0.200442 1.86138 -1.0445 1.1229 1.82411 -0.370606
4.45 -0.202556 1.85093 -1.04755 1.12287 1.81309 -0.372359
4.46 -0.204637 1.84046 -1.05055 1.12285 1.80206 -0.374003
4.47 -0.206685 1.82995 -1.05349 1.12283 1.79101 -0.375536
4.48 -0.208699 1.81942 -1.05638 1.1228 1.77994 -0.37696
4.49 -0.210678 1.80885 -1.05921 1.12278 1.76886 -0.378273
4.5 -0.212621 1.79826 -1.06199 1.12275 1.75777 -0.379475
4.51 -0.214529 1.78764 -1.06471 1.12272 1.74666 -0.380566
4.52 -0.2164 1.777 -1.06737 1.1227 1.73555 -0.381547
4.53 -0.218233 1.76632 -1.06997 1.12267 1.72443 -0.382417
4.54 -0.220028 1.75562 -1.07251 1.12264 1.7133 -0.383176
4.55 -0.221783 1.7449 -1.07499 1.12261 1.70216 -0.383824
4.56 -0.223499 1.73415 -1.07741 1.12258 1.69102 -0.384361
4.57 -0.225174 1.72337 -1.07976 1.12255 1.67987 -0.384787
4.58 -0.226807 1.71258 -1.08205 1.12251 1.66872 -0.385102
4.59 -0.228397 1.70175 -1.08428 1.12248 1.65756 -0.385305
4.6 -0.229944 1.69091 -1.08644 1.12245 1.64641 -0.385398
4.61 -0.231446 1.68005 -1.08853 1.12241 1.63525 -0.385379
4.62 -0.232904 1.66916 -1.09055 1.12238 1.6241 -0.385249
4.63 -0.234314 1.65826 -1.09251 1.12234 1.61294 -0.385008
4.64 -0.235678 1.64733 -1.09439 1.1223 1.60179 -0.384655
4.65 -0.236993 1.63639 -1.0962 1.12227 1.59065 -0.384192
4.66 -0.238258 1.62543 -1.09793 1.12223 1.57951 -0.383618
4.67 -0.239473 1.61445 -1.09959 1.12219 1.56838 -0.382932
4.68 -0.240637 1.60345 -1.10117 1.12215 1.55725 -0.382136
4.69 -0.241747 1.59244 -1.10268 1.1221 1.54613 -0.381229
4.7 -0.242804 1.58141 -1.1041 1.12206 1.53503 -0.380211
4.71 -0.243805 1.57037 -1.10545 1.12202 1.52393 -0.379083
4.72 -0.24475 1.55932 -1.10671 1.12197 1.51285 -0.377844
4.73 -0.245637 1.54825 -1.10788 1.12193 1.50178 -0.376495
4.74 -0.246466 1.53717 -1.10897 1.12188 1.49072 -0.375036
4.75 -0.247233 1.52608 -1.10997 1.12183 1.47968 -0.373466
4.76 -0.24794 1.51498 -1.11089 1.12178 1.46865 -0.371787
4.77 -0.248583 1.50387 -1.11171 1.12173 1.45765 -0.369998
4.78 -0.249161 1.49276 -1.11243 1.12168 1.44666 -0.3681
4.79 -0.249673 1.48163 -1.11306 1.12162 1.43569 -0.366093
4.8 -0.250118 1.4705 -1.11359 1.12157 1.42474 -0.363976
4.81 -0.250494 1.45936 -1.11402 1.12151 1.41382 -0.36175
4.82 -0.250798 1.44822 -1.11435 1.12145 1.40292 -0.359416
4.83 -0.25103 1.43708 -1.11458 1.1214 1.39204 -0.356974
4.84 -0.251188 1.42594 -1.11469 1.12134 1.38119 -0.354423
4.85 -0.25127 1.41479 -1.1147 1.12127 1.37036 -0.351765
4.86 -0.251274 1.40364 -1.11459 1.12121 1.35956 -0.348999
4.87 -0.251198 1.3925 -1.11437 1.12115 1.34879 -0.346126
4.88 -0.251041 1.38135 -1.11403 1.12108 1.33805 -0.343145
4.89 -0.2508 1.37021 -1.11357 1.12101 1.32734 -0.340058
4.9 -0.250474 1.35908 -1.11298 1.12094 1.31667 -0.336865
4.91 -0.25006 1.34795 -1.11227 1.12087 1.30602 -0.333566
4.92 -0.249557 1.33682 -1.11142 1.1208 1.29541 -0.330161
4.93 -0.248961 1.32571 -1.11044 1.12073 1.28484 -0.326651
4.94 -0.248271 1.3146 -1.10933 1.12065 1.2743 -0.323036
4.95 -0.247485 1.30351 -1.10807 1.12057 1.2638 -0.319316
4.96 -0.246599 1.29243 -1.10667 1.12049 1.25333 -0.315492
4.97 -0.245613 1.28136 -1.10512 1.12041 1.24291 -0.311564
4.98 -0.244522 1.27031 -1.10342 1.12033 1.23252 -0.307533
4.99 -0.243325 1.25928 -1.10156 1.12024 1.22218 -0.303399
5 -0.242019 1.24826 -1.09954 1.12016 1.21188 -0.299163
5.01 -0.240601 1.23727 -1.09735 1.12007 1.20163 -0.294824
5.02 -0.239069 1.22629 -1.095 1.11997 1.19142 -0.290384
5.03 -0.237419 1.21534 -1.09246 1.11988 1.18125 -0.285843
5.04 -0.235649 1.20442 -1.08975 1.11979 1.17113 -0.281201
5.05 -0.233755 1.19352 -1.08685 1.11969 1.16106 -0.276458
5.06 -0.231735 1.18265 -1.08376 1.11959 1.15104 -0.271616
5.07 -0.229586 1.17182 -1.08048 1.11949 1.14107 -0.266675
5.08 -0.227303 1.16101 -1.07699 1.11938 1.13115 -0.261635
5.09 -0.224884 1.15024 -1.0733 1.11928 1.12128 -0.256496
5.1 -0.222326 1.13951 -1.06939 1.11917 1.11146 -0.25126
5.11 -0.219625 1.12881 -1.06526 1.11906 1.1017 -0.245927
5.12 -0.216777 1.11816 -1.0609 1.11895 1.09199 -0.240498
5.13 -0.213779 1.10755 -1.05631 1.11883 1.08234 -0.234972
5.14 -0.210627 1.09699 -1.05148 1.11872 1.07275 -0.22935
5.15 -0.207317 1.08647 -1.04639 1.1186 1.06321 -0.223634
5.16 -0.203845 1.07601 -1.04106 1.11848 1.05373 -0.217824
5.17 -0.200208 1.0656 -1.03546 1.11836 1.04432 -0.211919
5.18 -0.196401 1.05525 -1.02958 1.11823 1.03496 -0.205922
5.19 -0.192421 1.04495 -1.02343 1.11811 1.02566 -0.199832
5.2 -0.188263 1.03472 -1.01699 1.11798 1.01643 -0.19365
5.21 -0.183923 1.02455 -1.01026 1.11785 1.00727 -0.187377
5.22 -0.179396 1.01444 -1.00321 1.11772 0.998163 -0.181012
5.23 -0.174679 1.00441 -0.995855 1.11759 0.989126 -0.174558
5.24 -0.169766 0.994452 -0.988173 1.11745 0.980156 -0.168015
5.25 -0.164654 0.984571 -0.980157 1.11732 0.971254 -0.161382
5.26 -0.159339 0.974769 -0.971797 1.11719 0.962421 -0.154662
5.27 -0.153814 0.965051 -0.963083 1.11705 0.953658 -0.147854
5.28 -0.148077 0.95542 -0.954006 1.11692 0.944965 -0.140959
5.29 -0.142122 0.94588 -0.944554 1.11678 0.936344 -0.133978
5.3 -0.135945 0.936435 -0.934717 1.11665 0.927795 -0.126912
5.31 -0.129541 0.927087 -0.924485 1.11651 0.91932 -0.11976
5.32 -0.122906 0.917843 -0.913847 1.11638 0.910919 -0.112525
5.33 -0.116036 0.908704 -0.902791 1.11625 0.902593 -0.105206
5.34 -0.108926 0.899676 -0.891308 1.11612 0.894344 -0.0978042
5.35 -0.101571 0.890763 -0.879387 1.116 0.886172 -0.0903203
5.36 -0.0939681 0.881969 -0.867016 1.11587 0.878078 -0.082755
5.37 -0.0861124 0.873299 -0.854184 1.11575 0.870063 -0.075109
5.38 -0.0780003 0.864757 -0.840882 1.11564 0.862128 -0.0673829
5.39 -0.0696278 0.856348 -0.827099 1.11553 0.854274 -0.0595775
5.4 -0.0609914 0.848077 -0.812825 1.11543 0.846501 -0.0516934
5.41 -0.0520878 0.839949 -0.79805 1.11533 0.83881 -0.0437313
5.42 -0.0429137 0.831969 -0.782765 1.11525 0.831203 -0.0356919
5.43 -0.0334665 0.824141 -0.766961 1.11517 0.82368 -0.0275759
5.44 -0.0237435 0.816471 -0.750629 1.1151 0.816241 -0.019384
5.45 -0.0137425 0.808965 -0.733762 1.11504 0.808889 -0.0111169
5.46 -0.00346193 0.801628 -0.716354 1.11499 0.801623 -0.00277517
5.47 0.00709969 0.794464 -0.698398 1.11495 0.794444 0.0056404
5.48 0.0179432 0.78748 -0.679889 1.11493 0.787353 0.0141292
5.49 0.029069 0.780681 -0.660823 1.11492 0.780351 0.0226904
5.5 0.0404769 0.774073 -0.641198 1.11493 0.773439 0.0313235
5.51 0.0521661 0.767661 -0.621012 1.11495 0.766617 0.0400277
5.52 0.0641353 0.761451 -0.600265 1.11499 0.759885 0.0488024
5.53 0.0763824 0.755448 -0.578959 1.11505 0.753246 0.0576468
5.54 0.0889047 0.749659 -0.557097 1.11513 0.746698 0.0665604
5.55 0.101699 0.744088 -0.534684 1.11522 0.740243 0.0755423
5.56 0.11476 0.738741 -0.511727 1.11534 0.733882 0.084592
5.57 0.128084 0.733624 -0.488234 1.11548 0.727614 0.0937086
5.58 0.141664 0.728741 -0.464217 1.11564 0.721441 0.102892
5.59 0.155494 0.724099 -0.439688 1.11582 0.715363 0.11214
5.6 0.169567 0.719702 -0.414662 1.11602 0.70938 0.121454
5.61 0.183873 0.715555 -0.389157 1.11625 0.703493 0.130831
5.62 0.198403 0.711664 -0.363191 1.1165 0.697703 0.140272
5.63 0.213148 0.708032 -0.336788 1.11676 0.692009 0.149775
5.64 0.228096 0.704664 -0.30997 1.11705 0.686412 0.159341
5.65 0.243235 0.701564 -0.282764 1.11736 0.680913 0.168967
5.66 0.258552 0.698737 -0.255198 1.11769 0.675512 0.178654
5.67 0.274034 0.696185 -0.227302 1.11804 0.670208 0.188399
5.68 0.289666 0.693912 -0.199108 1.1184 0.665003 0.198204
5.69 0.305434 0.691921 -0.17065 1.11878 0.659896 0.208066
5.7 0.321322 0.690214 -0.141963 1.11917 0.654888 0.217984
5.71 0.337313 0.688795 -0.113085 1.11958 0.649979 0.227958
5.72 0.35339 0.687664 -0.0840521 1.11999 0.645169 0.237987
5.73 0.369537 0.686823 -0.0549042 1.12041 0.640459 0.24807
5.74 0.385736 0.686274 -0.0256808 1.12083 0.635848 0.258205
5.75 0.401969 0.686017 0.00357793 1.12126 0.631337 0.268391
5.76 0.418217 0.686053 0.0328318 1.12169 0.626925 0.278628
5.77 0.434464 0.686381 0.0620404 1.12212 0.622614 0.288914
5.78 0.45069 0.687002 0.0911637 1.12254 0.618403 0.299249
5.79 0.466877 0.687914 0.120162 1.12295 0.614292 0.30963
5.8 0.483009 0.689115 0.148997 1.12336 0.610281 0.320057
5.81 0.499067 0.690605 0.177632 1.12375 0.606372 0.330528
5.82 0.515034 0.692381 0.206028 1.12414 0.602563 0.341043
5.83 0.530894 0.694442 0.234152 1.1245 0.598855 0.351599
5.84 0.54663 0.696783 0.261971 1.12485 0.595249 0.362196
5.85 0.562227 0.699403 0.289451 1.12519 0.591744 0.372832
5.86 0.57767 0.702297 0.316565 1.1255 0.588341 0.383506
5.87 0.592945 0.705463 0.343284 1.1258 0.58504 0.394217
5.88 0.608038 0.708896 0.369582 1.12607 0.581841 0.404963
5.89 0.622937 0.712592 0.395437 1.12632 0.578744 0.415743
5.9 0.637631 0.716546 0.420826 1.12655 0.575751 0.426555
5.91 0.652107 0.720754 0.445732 1.12676 0.57286 0.437399
5.92 0.666357 0.725212 0.470138 1.12695 0.570073 0.448272
5.93 0.680371 0.729913 0.494028 1.12711 0.56739 0.459175
5.94 0.694141 0.734853 0.517391 1.12726 0.564811 0.470104
5.95 0.707659 0.740027 0.540216 1.12738 0.562336 0.48106
5.96 0.720919 0.745429 0.562494 1.12748 0.559966 0.49204
5.97 0.733915 0.751054 0.584221 1.12756 0.557701 0.503043
5.98 0.746643 0.756897 0.60539 1.12762 0.555542 0.514068
5.99 0.759099 0.76295 0.626 1.12767 0.553488 0.525114
6 0.771278 0.76921 0.646049 1.12769 0.55154 0.53618
6.01 0.783179 0.775671 0.665537 1.1277 0.549698 0.547264
6.02 0.794799 0.782326 0.684466 1.1277 0.547963 0.558364
6.03 0.806138 0.789171 0.702839 1.12768 0.546335 0.569481
6.04 0.817195 0.796199 0.720661 1.12764 0.544815 0.580612
6.05 0.82797 0.803406 0.737937 1.1276 0.543402 0.591756
6.06 0.838462 0.810785 0.754672 1.12754 0.542097 0.602913
6.07 0.848674 0.818332 0.770874 1.12747 0.5409 0.61408
6.08 0.858607 0.826041 0.78655 1.12739 0.539811 0.625258
6.09 0.868263 0.833906 0.80171 1.12731 0.538831 0.636444
6.1 0.877643 0.841923 0.816362 1.12721 0.537961 0.647637
6.11 0.88675 0.850087 0.830515 1.12711 0.537199 0.658836
6.12 0.895588 0.858392 0.844179 1.127 0.536546 0.670041
6.13 0.90416 0.866834 0.857365 1.12689 0.536003 0.68125
6.14 0.912468 0.875408 0.870083 1.12677 0.53557 0.692462
6.15 0.920518 0.884108 0.882343 1.12664 0.535247 0.703675
6.16 0.928311 0.892932 0.894156 1.12652 0.535033 0.714889
6.17 0.935853 0.901873 0.905534 1.12639 0.53493 0.726103
6.18 0.943147 0.910929 0.916486 1.12626 0.534937 0.737315
6.19 0.950199 0.920094 0.927024 1.12613 0.535054 0.748525
6.2 0.957011 0.929364 0.937159 1.12599 0.535282 0.75973
6.21 0.963589 0.938735 0.9469 1.12586 0.53562 0.770931
6.22 0.969937 0.948204 0.956259 1.12572 0.536069 0.782126
6.23 0.976059 0.957767 0.965247 1.12558 0.536628 0.793314
6.24 0.98196 0.96742 0.973873 1.12545 0.537298 0.804494
6.25 0.987645 0.977158 0.982148 1.12531 0.538079 0.815665
6.26 0.993118 0.98698 0.990082 1.12518 0.53897 0.826825
6.27 0.998384 0.996881 0.997684 1.12504 0.539972 0.837974
6.28 1.00345 1.00686 1.00496 1.12491 0.541084 0.849111
6.29 1.00831 1.01691 1.01193 1.12478 0.542307 0.860234
6.3 1.01298 1.02703 1.01859 1.12465 0.54364 0.871343
6.31 1.01746 1.03721 1.02496 1.12452 0.545083 0.882436
6.32 1.02176 1.04746 1.03105 1.12439 0.546637 0.893512
6.33 1.02587 1.05777 1.03685 1.12426 0.548301 0.904571
6.34 1.02981 1.06814 1.04239 1.12414 0.550074 0.915611
6.35 1.03357 1.07856 1.04766 1.12402 0.551958 0.926631
6.36 1.03717 1.08904 1.05268 1.1239 0.553951 0.93763
6.37 1.0406 1.09957 1.05745 1.12378 0.556053 0.948607
6.38 1.04387 1.11014 1.06199 1.12367 0.558265 0.959561
6.39 1.04699 1.12076 1.06629 1.12355 0.560586 0.970491
6.4 1.04995 1.13143 1.07036 1.12344 0.563016 0.981395
6.41 1.05276 1.14213 1.07422 1.12333 0.565555 0.992274
6.42 1.05543 1.15287 1.07786 1.12323 0.568201 1.00312
6.43 1.05795 1.16365 1.0813 1.12312 0.570957 1.01395
6.44 1.06033 1.17446 1.08454 1.12302 0.57382 1.02474
6.45 1.06258 1.18531 1.08758 1.12292 0.57679 1.0355
6.46 1.0647 1.19618 1.09043 1.12282 0.579868 1.04624
6.47 1.06669 1.20709 1.0931 1.12272 0.583054 1.05693
6.48 1.06855 1.21802 1.09559 1.12263 0.586345 1.0676
6.49 1.07029 1.22898 1.0979 1.12254 0.589744 1.07823
6.5 1.07191 1.23995 1.10005 1.12245 0.593248 1.08883
6.51 1.07342 1.25095 1.10203 1.12236 0.596858 1.09939
6.52 1.07481 1.26198 1.10385 1.12227 0.600574 1.10991
6.53 1.07609 1.27301 1.10552 1.12219 0.604395 1.12039
6.54 1.07726 1.28407 1.10703 1.12211 0.60832 1.13083
6.55 1.07832 1.29514 1.10839 1.12202 0.612349 1.14123
6.56 1.07929 1.30622 1.10962 1.12195 0.616483 1.15159
6.57 1.08015 1.31732 1.1107 1.12187 0.62072 1.16191
6.58 1.08091 1.32843 1.11164 1.12179 0.62506 1.17218
6.59 1.08158 1.33954 1.11245 1.12172 0.629502 1.18241
6.6 1.08215 1.35067 1.11313 1.12165 0.634047 1.1926
6.61 1.08263 1.3618 1.11369 1.12158 0.638693 1.20273
6.62 1.08302 1.37294 1.11412 1.12151 0.64344 1.21282
6.63 1.08333 1.38408 1.11443 1.12144 0.648289 1.22286
6.64 1.08355 1.39522 1.11463 1.12138 0.653237 1.23285
6.65 1.08368 1.40637 1.11471 1.12132 0.658286 1.24279
6.66 1.08374 1.41751 1.11467 1.12125 0.663433 1.25268
6.67 1.08372 1.42866 1.11453 1.12119 0.668679 1.26251
6.68 1.08362 1.43981 1.11428 1.12113 0.674024 1.27229
6.69 1.08344 1.45095 1.11393 1.12108 0.679466 1.28202
6.7 1.08319 1.46209 1.11347 1.12102 0.685006 1.29169
6.71 1.08287 1.47322 1.11292 1.12096 0.690641 1.30131
6.72 1.08248 1.48435 1.11226 1.12091 0.696373 1.31086
6.73 1.08201 1.49547 1.11151 1.12086 0.702201 1.32036
6.74 1.08149 1.50659 1.11067 1.12081 0.708123 1.3298
6.75 1.08089 1.5177 1.10974 1.12076 0.714139 1.33918
6.76 1.08023 1.52879 1.10871 1.12071 0.720249 1.3485
6.77 1.07951 1.53988 1.1076 1.12066 0.726452 1.35776
6.78 1.07873 1.55096 1.10641 1.12061 0.732748 1.36695
6.79 1.07789 1.56202 1.10513 1.12057 0.739135 1.37608
6.8 1.07698 1.57307 1.10376 1.12052 0.745613 1.38514
6.81 1.07603 1.58411 1.10232 1.12048 0.752182 1.39414
6.82 1.07501 1.59513 1.10079 1.12044 0.758841 1.40307
6.83 1.07394 1.60614 1.09919 1.12039 0.765589 1.41194
6.84 1.07282 1.61713 1.09751 1.12035 0.772425 1.42073
6.85 1.07164 1.62811 1.09576 1.12031 0.779349 1.42946
6.86 1.07041 1.63907 1.09393 1.12028 0.78636 1.43812
6.87 1.06914 1.65001 1.09203 1.12024 0.793457 1.4467
6.88 1.06781 1.66093 1.09006 1.1202 0.80064 1.45521
6.89 1.06643 1.67183 1.08803 1.12017 0.807908 1.46366
6.9 1.06501 1.68271 1.08592 1.12013 0.815261 1.47202
6.91 1.06354 1.69357 1.08374 1.1201 0.822696 1.48032
6.92 1.06203 1.7044 1.0815 1.12006 0.830215 1.48853
6.93 1.06047 1.71522 1.07919 1.12003 0.837815 1.49668
6.94 1.05887 1.72601 1.07682 1.12 0.845496 1.50474
6.95 1.05723 1.73678 1.07439 1.11997 0.853258 1.51273
6.96 1.05554 1.74752 1.0719 1.11994 0.8611 1.52064
6.97 1.05382 1.75824 1.06934 1.11991 0.86902 1.52847
6.98 1.05205 1.76893 1.06672 1.11988 0.877019 1.53622
6.99 1.05025 1.7796 1.06405 1.11985 0.885094 1.54389
7 1.04841 1.79024 1.06132 1.11983 0.893246 1.55148
7.01 1.04653 1.80086 1.05853 1.1198 0.901474 1.55898
7.02 1.04461 1.81144 1.05568 1.11977 0.909777 1.5664
7.03 1.04266 1.822 1.05278 1.11975 0.918153 1.57374
7.04 1.04067 1.83253 1.04982 1.11972 0.926603 1.581
7.05 1.03865 1.84302 1.04681 1.1197 0.935124 1.58817
7.06 1.03659 1.85349 1.04375 1.11968 0.943718 1.59525
7.07 1.0345 1.86393 1.04063 1.11966 0.952381 1.60225
7.08 1.03238 1.87434 1.03747 1.11963 0.961115 1.60916
7.09 1.03023 1.88471 1.03425 1.11961 0.969917 1.61598
7.1 1.02804 1.89505 1.03098 1.11959 0.978787 1.62271
7.11 1.02583 1.90536 1.02766 1.11957 0.987724 1.62936
7.12 1.02358 1.91564 1.0243 1.11955 0.996727 1.63591
7.13 1.02131 1.92588 1.02088 1.11953 1.0058 1.64238
7.14 1.019 1.93609 1.01742 1.11952 1.01493 1.64875
7.15 1.01667 1.94627 1.01391 1.1195 1.02412 1.65503
7.16 1.01431 1.9564 1.01035 1.11948 1.03338 1.66122
7.17 1.01192 1.96651 1.00675 1.11946 1.0427 1.66731
7.18 1.00951 1.97658 1.00311 1.11945 1.05208 1.67331
7.19 1.00707 1.98661 0.999415 1.11943 1.06152 1.67922
7.2 1.0046 1.9966 0.99568 1.11942 1.07102 1.68503
7.21 1.00211 2.00656 0.991902 1.1194 1.08058 1.69074
7.22 0.999595 2.01648 0.98808 1.11939 1.09019 1.69636
7.23 0.997054 2.02636 0.984216 1.11938 1.09986 1.70189
7.24 0.994489 2.0362 0.98031 1.11936 1.10959 1.70731
7.25 0.991901 2.046 0.976363 1.11935 1.11937 1.71264
7.26 0.98929 2.05577 0.972374 1.11934 1.1292 1.71787
7.27 0.986656 2.06549 0.968345 1.11933 1.13908 1.723
7.28 0.984 2.07517 0.964276 1.11932 1.14901 1.72804
7.29 0.981323 2.08482 0.960168 1.1193 1.159 1.73297
7.3 0.978623 2.09442 0.95602 1.11929 1.16903 1.7378
7.31 0.975903 2.10398 0.951834 1.11928 1.17911 1.74253
7.32 0.973162 2.1135 0.94761 1.11928 1.18924 1.74716
7.33 0.970401 2.12297 0.943347 1.11927 1.19941 1.75169
7.34 0.967619 2.13241 0.939048 1.11926 1.20963 1.75612
7.35 0.964819 2.1418 0.934711 1.11925 1.21989 1.76044
7.36 0.961999 2.15114 0.930338 1.11924 1.2302 1.76466
7.37 0.95916 2.16045 0.925928 1.11924 1.24055 1.76878
7.38 0.956302 2.16971 0.921483 1.11923 1.25093 1.77279
7.39 0.953426 2.17892 0.917002 1.11922 1.26136 1.7767
7.4 0.950533 2.18809 0.912487 1.11922 1.27183 1.7805
7.41 0.947621 2.19722 0.907936 1.11921 1.28233 1.7842
7.42 0.944693 2.2063 0.903352 1.11921 1.29287 1.7878
7.43 0.941747 2.21533 0.898733 1.1192 1.30345 1.79129
7.44 0.938785 2.22432 0.894081 1.1192 1.31406 1.79467
7.45 0.935806 2.23326 0.889396 1.11919 1.3247 1.79794
7.46 0.932811 2.24215 0.884678 1.11919 1.33538 1.80111
7.47 0.9298 2.251 0.879927 1.11919 1.34608 1.80418
7.48 0.926773 2.2598 0.875144 1.11918 1.35682 1.80713
7.49 0.923732 2.26855 0.870329 1.11918 1.36759 1.80998
7.5 0.920675 2.27725 0.865483 1.11918 1.37838 1.81272
7.51 0.917603 2.28591 0.860605 1.11918 1.3892 1.81535
7.52 0.914517 2.29451 0.855697 1.11918 1.40005 1.81787
7.53 0.911416 2.30307 0.850758 1.11918 1.41092 1.82028
7.54 0.908302 2.31158 0.845788 1.11918 1.42182 1.82259
7.55 0.905173 2.32003 0.840789 1.11918 1.43274 1.82478
7.56 0.902031 2.32844 0.83576 1.11918 1.44368 1.82687
7.57 0.898875 2.3368 0.830702 1.11918 1.45464 1.82884
7.58 0.895707 2.34511 0.825614 1.11918 1.46562 1.83071
7.59 0.892525 2.35336 0.820498 1.11918 1.47661 1.83247
7.6 0.889331 2.36157 0.815353 1.11918 1.48763 1.83411
7.61 0.886124 2.36972 0.810181 1.11918 1.49866 1.83565
7.62 0.882904 2.37782 0.80498 1.11918 1.5097 1.83707
7.63 0.879673 2.38587 0.799751 1.11919 1.52076 1.83839
7.64 0.87643 2.39387 0.794496 1.11919 1.53184 1.83959
7.65 0.873175 2.40182 0.789213 1.11919 1.54292 1.84069
7.66 0.869908 2.40971 0.783903 1.1192 1.55401 1.84167
7.67 0.86663 2.41755 0.778567 1.1192 1.56512 1.84254
7.68 0.863341 2.42533 0.773205 1.1192 1.57623 1.8433
7.69 0.860042 2.43306 0.767816 1.11921 1.58735 1.84395
7.7 0.856731 2.44074 0.762402 1.11921 1.59847 1.84448
7.71 0.853409 2.44837 0.756963 1.11922 1.6096 1.84491
7.72 0.850078 2.45594 0.751498 1.11922 1.62073 1.84522
7.73 0.846736 2.46345 0.746008 1.11923 1.63187 1.84543
7.74 0.843383 2.47091 0.740494 1.11924 1.64301 1.84552
7.75 0.840021 2.47832 0.734955 1.11924 1.65415 1.8455
7.76 0.836649 2.48567 0.729392 1.11925 1.66528 1.84536
7.77 0.833268 2.49296 0.723805 1.11926 1.67642 1.84512
7.78 0.829877 2.5002 0.718194 1.11926 1.68755 1.84477
7.79 0.826477 2.50738 0.71256 1.11927 1.69868 1.8443
7.8 0.823067 2.51451 0.706903 1.11928 1.7098 1.84372
7.81 0.819649 2.52157 0.701223 1.11929 1.72092 1.84303
7.82 0.816222 2.52859 0.69552 1.11929 1.73203 1.84223
7.83 0.812786 2.53554 0.689794 1.1193 1.74313 1.84132
7.84 0.809341 2.54244 0.684047 1.11931 1.75422 1.8403
7.85 0.805888 2.54928 0.678277 1.11932 1.7653 1.83917
7.86 0.802427 2.55606 0.672486 1.11933 1.77637 1.83792
7.87 0.798957 2.56279 0.666673 1.11934 1.78743 1.83657
7.88 0.79548 2.56945 0.660839 1.11935 1.79847 1.8351
7.89 0.791995 2.57606 0.654984 1.11936 1.8095 1.83353
7.9 0.788502 2.58261 0.649108 1.11937 1.82051 1.83184
7.91 0.785001 2.5891 0.643211 1.11938 1.8315 1.83005
7.92 0.781493 2.59554 0.637294 1.11939 1.84248 1.82814
7.93 0.777977 2.60191 0.631357 1.1194 1.85343 1.82612
7.94 0.774454 2.60822 0.6254 1.11941 1.86437 1.824
7.95 0.770924 2.61448 0.619423 1.11943 1.87528 1.82176
7.96 0.767387 2.62067 0.613427 1.11944 1.88617 1.81942
7.97 0.763843 2.62681 0.607412 1.11945 1.89703 1.81697
7.98 0.760292 2.63288 0.601378 1.11946 1.90788 1.8144
7.99 0.756735 2.63889 0.595325 1.11948 1.91869 1.81174
8 0.753171 2.64485 0.589253 1.11949 1.92948 1.80896
8.01 0.7496 2.65074 0.583163 1.1195 1.94024 1.80607
8.02 0.746024 2.65657 0.577055 1.11952 1.95097 1.80308
8.03 0.742441 2.66234 0.570929 1.11953 1.96167 1.79998
8.04 0.738851 2.66805 0.564786 1.11954 1.97234 1.79677
8.05 0.735256 2.6737 0.558625 1.11956 1.98297 1.79346
8.06 0.731655 2.67928 0.552446 1.11957 1.99357 1.79004
8.07 0.728048 2.68481 0.546251 1.11959 2.00414 1.78651
8.08 0.724435 2.69027 0.540039 1.1196 2.01467 1.78288
8.09 0.720817 2.69567 0.53381 1.11962 2.02517 1.77914
8.1 0.717193 2.70101 0.527565 1.11963 2.03563 1.7753
8.11 0.713564 2.70629 0.521304 1.11965 2.04604 1.77135
8.12 0.709929 2.7115 0.515027 1.11966 2.05642 1.7673
8.13 0.70629 2.71665 0.508734 1.11968 2.06676 1.76315
8.14 0.702644 2.72174 0.502426 1.11969 2.07705 1.75889
8.15 0.698994 2.72676 0.496102 1.11971 2.08731 1.75453
8.16 0.695339 2.73172 0.489763 1.11973 2.09752 1.75007
8.17 0.691679 2.73662 0.48341 1.11974 2.10768 1.7455
8.18 0.688015 2.74145 0.477041 1.11976 2.1178 1.74084
8.19 0.684345 2.74622 0.470659 1.11978 2.12787 1.73607
8.2 0.680671 2.75093 0.464262 1.11979 2.13789 1.7312
8.21 0.676993 2.75557 0.457851 1.11981 2.14786 1.72623
8.22 0.67331 2.76015 0.451426 1.11983 2.15778 1.72117
8.23 0.669622 2.76467 0.444987 1.11985 2.16765 1.716
8.24 0.665931 2.76912 0.438536 1.11986 2.17747 1.71074
8.25 0.662235 2.7735 0.43207 1.11988 2.18724 1.70537
8.26 0.658535 2.77782 0.425592 1.1199 2.19695 1.69991
8.27 0.654831 2.78208 0.419102 1.11992 2.20661 1.69435
8.28 0.651123 2.78627 0.412598 1.11994 2.21621 1.6887
8.29 0.647411 2.79039 0.406083 1.11995 2.22575 1.68295
8.3 0.643695 2.79446 0.399555 1.11997 2.23524 1.67711
8.31 0.639976 2.79845 0.393015 1.11999 2.24467 1.67117
8.32 0.636253 2.80238 0.386463 1.12001 2.25403 1.66513
8.33 0.632526 2.80625 0.3799 1.12003 2.26334 1.65901
8.34 0.628796 2.81004 0.373326 1.12005 2.27259 1.65279
8.35 0.625062 2.81378 0.36674 1.12007 2.28177 1.64648
8.36 0.621325 2.81745 0.360144 1.12009 2.29089 1.64007
8.37 0.617585 2.82105 0.353537 1.12011 2.29994 1.63358
8.38 0.613841 2.82458 0.346919 1.12013 2.30893 1.62699
8.39 0.610095 2.82805 0.340291 1.12015 2.31785 1.62032
8.4 0.606345 2.83145 0.333653 1.12017 2.32671 1.61356
8.41 0.602593 2.83479 0.327005 1.12019 2.3355 1.6067
8.42 0.598837 2.83806 0.320347 1.12021 2.34421 1.59976
8.43 0.595078 2.84126 0.31368 1.12023 2.35286 1.59274
8.44 0.591317 2.8444 0.307003 1.12025 2.36144 1.58563
8.45 0.587553 2.84747 0.300318 1.12027 2.36995 1.57843
8.46 0.583787 2.85047 0.293623 1.12029 2.37838 1.57115
8.47 0.580017 2.85341 0.28692 1.12032 2.38674 1.56378
8.48 0.576245 2.85628 0.280209 1.12034 2.39503 1.55633
8.49 0.572471 2.85908 0.273489 1.12036 2.40324 1.5488
8.5 0.568695 2.86182 0.266761 1.12038 2.41138 1.54118
8.51 0.564916 2.86448 0.260025 1.1204 2.41944 1.53349
8.52 0.561134 2.86708 0.253282 1.12042 2.42742 1.52571
8.53 0.557351 2.86962 0.246531 1.12045 2.43533 1.51785
8.54 0.553565 2.87208 0.239773 1.12047 2.44315 1.50992
8.55 0.549777 2.87448 0.233008 1.12049 2.4509 1.50191
8.56 0.545988 2.87681 0.226236 1.12051 2.45856 1.49382
8.57 0.542196 2.87907 0.219457 1.12053 2.46615 1.48565
8.58 0.538402 2.88127 0.212672 1.12056 2.47365 1.47741
8.59 0.534607 2.88339 0.205881 1.12058 2.48107 1.4691
8.6 0.53081 2.88545 0.199083 1.1206 2.48841 1.46071
8.61 0.527011 2.88744 0.19228 1.12062 2.49566 1.45225
8.62 0.52321 2.88937 0.185471 1.12065 2.50283 1.44371
8.63 0.519408 2.89122 0.178657 1.12067 2.50991 1.43511
8.64 0.515604 2.89301 0.171837 1.12069 2.5169 1.42643
8.65 0.511799 2.89473 0.165013 1.12071 2.52381 1.41768
8.66 0.507993 2.89638 0.158183 1.12074 2.53063 1.40887
8.67 0.504185 2.89796 0.151349 1.12076 2.53736 1.39999
8.68 0.500375 2.89947 0.144511 1.12078 2.544 1.39104
8.69 0.496565 2.90092 0.137668 1.12081 2.55056 1.38202
8.7 0.492753 2.90229 0.130822 1.12083 2.55702 1.37294
8.71 0.48894 2.9036 0.123971 1.12085 2.56339 1.36379
8.72 0.485127 2.90484 0.117117 1.12088 2.56967 1.35459
8.73 0.481312 2.90601 0.110259 1.1209 2.57586 1.34532
8.74 0.477496 2.90712 0.103399 1.12092 2.58195 1.33598
8.75 0.473679 2.90815 0.0965349 1.12095 2.58795 1.32659
8.76 0.469861 2.90911 0.0896683 1.12097 2.59386 1.31714
8.77 0.466043 2.91001 0.082799 1.12099 2.59967 1.30763
8.78 0.462224 2.91084 0.0759274 1.12102 2.60538 1.29806
8.79 0.458404 2.9116 0.0690535 1.12104 2.611 1.28843
8.8 0.454584 2.91229 0.0621777 1.12106 2.61653 1.27875
8.81 0.450763 2.91291 0.0553 1.12109 2.62195 1.26902
8.82 0.446941 2.91346 0.0484207 1.12111 2.62728 1.25923
8.83 0.443119 2.91395 0.04154 1.12113 2.63251 1.24938
8.84 0.439297 2.91436 0.0346581 1.12116 2.63765 1.23949
8.85 0.435475 2.91471 0.0277751 1.12118 2.64268 1.22954
8.86 0.431652 2.91499 0.0208914 1.12121 2.64761 1.21955
8.87 0.427828 2.9152 0.014007 1.12123 2.65245 1.2095
8.88 0.424005 2.91534 0.00712229 1.12125 2.65718 1.19941
8.89 0.420182 2.91541 0.000237321 1.12128 2.66181 1.18927
8.9 0.416358 2.91541 -0.00664765 1.1213 2.66634 1.17909
8.91 0.412535 2.91534 -0.0135324 1.12132 2.67077 1.16886
8.92 0.408711 2.91521 -0.0204168 1.12135 2.67509 1.15858
8.93 0.404888 2.915 -0.0273006 1.12137 2.67932 1.14827
8.94 0.401065 2.91473 -0.0341836 1.1214 2.68344 1.13791
8.95 0.397242 2.91439 -0.0410656 1.12142 2.68745 1.12751
8.96 0.393419 2.91398 -0.0479464 1.12144 2.69136 1.11707
8.97 0.389597 2.9135 -0.0548258 1.12147 2.69517 1.10659
8.98 0.385775 2.91295 -0.0617036 1.12149 2.69887 1.09608
8.99 0.381954 2.91233 -0.0685796 1.12151 2.70247 1.08553
9 0.378133 2.91165 -0.0754536 1.12154 2.70596 1.07494
9.01 0.374312 2.91089 -0.0823254 1.12156 2.70934 1.06432
9.02 0.370492 2.91007 -0.0891948 1.12158 2.71262 1.05366
9.03 0.366673 2.90918 -0.0960616 1.12161 2.71579 1.04297
9.04 0.362855 2.90822 -0.102926 1.12163 2.71886 1.03226
9.05 0.359037 2.90719 -0.109787 1.12165 2.72181 1.02151
9.06 0.35522 2.90609 -0.116644 1.12168 2.72466 1.01073
9.07 0.351404 2.90492 -0.123499 1.1217 2.72741 0.999924
9.08 0.347589 2.90369 -0.130349 1.12172 2.73004 0.989091
9.09 0.343775 2.90239 -0.137196 1.12175 2.73256 0.978232
9.1 0.339963 2.90101 -0.144039 1.12177 2.73498 0.967348
9.11 0.336151 2.89957 -0.150878 1.12179 2.73729 0.956441
9.12 0.33234 2.89806 -0.157712 1.12182 2.73949 0.945511
9.13 0.328531 2.89649 -0.164542 1.12184 2.74158 0.93456
9.14 0.324723 2.89484 -0.171367 1.12186 2.74356 0.923588
9.15 0.320916 2.89313 -0.178187 1.12189 2.74543 0.912597
9.16 0.317111 2.89135 -0.185002 1.12191 2.74719 0.901588
9.17 0.313307 2.8895 -0.191811 1.12193 2.74883 0.890561
9.18 0.309505 2.88758 -0.198614 1.12195 2.75037 0.879519
9.19 0.305704 2.88559 -0.205412 1.12198 2.7518 0.868461
9.2 0.301905 2.88354 -0.212204 1.122 2.75312 0.85739
9.21 0.298108 2.88142 -0.218989 1.12202 2.75433 0.846306
9.22 0.294312 2.87923 -0.225769 1.12204 2.75543 0.835211
9.23 0.290518 2.87697 -0.232541 1.12207 2.75641 0.824105
9.24 0.286727 2.87464 -0.239307 1.12209 2.75729 0.812989
9.25 0.282937 2.87225 -0.246065 1.12211 2.75805 0.801866
9.26 0.279149 2.86979 -0.252817 1.12213 2.7587 0.790735
9.27 0.275363 2.86726 -0.259561 1.12215 2.75924 0.779598
9.28 0.271579 2.86467 -0.266297 1.12217 2.75967 0.768456
9.29 0.267798 2.862 -0.273025 1.1222 2.75999 0.757311
9.3 0.264019 2.85927 -0.279746 1.12222 2.7602 0.746162
9.31 0.260242 2.85648 -0.286458 1.12224 2.76029 0.735012
9.32 0.256468 2.85361 -0.293162 1.12226 2.76027 0.723862
9.33 0.252696 2.85068 -0.299857 1.12228 2.76015 0.712712
9.34 0.248926 2.84768 -0.306543 1.1223 2.75991 0.701564
9.35 0.245159 2.84461 -0.31322 1.12232 2.75956 0.690419
9.36 0.241395 2.84148 -0.319888 1.12234 2.7591 0.679278
9.37 0.237634 2.83828 -0.326546 1.12236 2.75852 0.668142
9.38 0.233875 2.83502 -0.333195 1.12239 2.75784 0.657012
9.39 0.230119 2.83169 -0.339833 1.12241 2.75704 0.64589
9.4 0.226366 2.82829 -0.346462 1.12243 2.75613 0.634776
9.41 0.222617 2.82482 -0.353081 1.12245 2.75512 0.623671
9.42 0.21887 2.82129 -0.359689 1.12247 2.75399 0.612577
9.43 0.215126 2.8177 -0.366286 1.12249 2.75275 0.601495
9.44 0.211386 2.81403 -0.372872 1.12251 2.7514 0.590426
9.45 0.207648 2.8103 -0.379447 1.12253 2.74993 0.579371
9.46 0.203915 2.80651 -0.386011 1.12254 2.74836 0.56833
9.47 0.200184 2.80265 -0.392564 1.12256 2.74668 0.557306
9.48 0.196457 2.79872 -0.399104 1.12258 2.74489 0.5463
9.49 0.192734 2.79473 -0.405633 1.1226 2.74299 0.535311
9.5 0.189014 2.79068 -0.41215 1.12262 2.74097 0.524342
9.51 0.185298 2.78656 -0.418654 1.12264 2.73885 0.513394
9.52 0.181586 2.78237 -0.425145 1.12266 2.73662 0.502468
9.53 0.177878 2.77812 -0.431624 1.12268 2.73428 0.491564
9.54 0.174174 2.7738 -0.43809 1.12269 2.73183 0.480684
9.55 0.170473 2.76942 -0.444543 1.12271 2.72928 0.469829
9.56 0.166777 2.76497 -0.450982 1.12273 2.72661 0.459
9.57 0.163085 2.76046 -0.457408 1.12275 2.72384 0.448198
9.58 0.159397 2.75589 -0.46382 1.12276 2.72095 0.437424
9.59 0.155714 2.75125 -0.470218 1.12278 2.71797 0.42668
9.6 0.152035 2.74655 -0.476602 1.1228 2.71487 0.415966
9.61 0.148361 2.74178 -0.482971 1.12282 2.71166 0.405283
9.62 0.144691 2.73695 -0.489326 1.12283 2.70835 0.394633
9.63 0.141026 2.73206 -0.495665 1.12285 2.70494 0.384016
9.64 0.137366 2.7271 -0.50199 1.12287 2.70142 0.373434
9.65 0.13371 2.72208 -0.5083 1.12288 2.69779 0.362888
9.66 0.13006 2.717 -0.514594 1.1229 2.69405 0.352378
9.67 0.126415 2.71186 -0.520872 1.12291 2.69022 0.341906
9.68 0.122774 2.70665 -0.527134 1.12293 2.68627 0.331473
9.69 0.119139 2.70138 -0.53338 1.12294 2.68223 0.321079
9.7 0.11551 2.69604 -0.53961 1.12296 2.67808 0.310727
9.71 0.111886 2.69065 -0.545823 1.12297 2.67382 0.300417
9.72 0.108267 2.68519 -0.55202 1.12299 2.66947 0.290149
9.73 0.104654 2.67967 -0.558199 1.123 2.66501 0.279926
9.74 0.101046 2.67409 -0.564361 1.12302 2.66045 0.269747
9.75 0.0974448 2.66844 -0.570506 1.12303 2.65578 0.259615
9.76 0.0938492 2.66274 -0.576633 1.12304 2.65102 0.249529
9.77 0.0902596 2.65697 -0.582743 1.12306 2.64615 0.239492
9.78 0.0866762 2.65114 -0.588834 1.12307 2.64119 0.229503
9.79 0.0830989 2.64525 -0.594907 1.12308 2.63613 0.219565
9.8 0.079528 2.63931 -0.600961 1.1231 2.63096 0.209678
9.81 0.0759636 2.6333 -0.606997 1.12311 2.6257 0.199842
9.82 0.0724057 2.62723 -0.613013 1.12312 2.62034 0.19006
9.83 0.0688545 2.6211 -0.619011 1.12313 2.61489 0.180332
9.84 0.0653101 2.61491 -0.624989 1.12315 2.60933 0.170658
9.85 0.0617725 2.60866 -0.630947 1.12316 2.60368 0.161041
9.86 0.058242 2.60235 -0.636885 1.12317 2.59793 0.15148
9.87 0.0547187 2.59598 -0.642804 1.12318 2.59209 0.141978
9.88 0.0512025 2.58955 -0.648702 1.12319 2.58616 0.132534
9.89 0.0476938 2.58306 -0.654579 1.1232 2.58013 0.123149
9.9 0.0441925 2.57652 -0.660436 1.12321 2.574 0.113826
9.91 0.0406989 2.56991 -0.666272 1.12322 2.56778 0.104564
9.92 0.037213 2.56325 -0.672086 1.12323 2.56148 0.0953643
9.93 0.0337351 2.55653 -0.677879 1.12324 2.55507 0.0862283
9.94 0.0302651 2.54975 -0.68365 1.12325 2.54858 0.0771566
9.95 0.0268033 2.54291 -0.689399 1.12326 2.542 0.0681502
9.96 0.0233497 2.53602 -0.695126 1.12327 2.53533 0.0592099
9.97 0.0199046 2.52907 -0.70083 1.12328 2.52857 0.0503367
9.98 0.016468 2.52206 -0.706512 1.12328 2.52172 0.0415314
9.99 0.0130401 2.51499 -0.712171 1.12329 2.51478 0.032795
10 0.00962112 2.50787 -0.717807 1.1233 2.50776 0.0241282
10.01 0.00621109 2.5007 -0.723419 1.12331 2.50065 0.0155319
10.02 0.0028102 2.49346 -0.729008 1.12331 2.49345 0.00700712
10.03 -0.000581394 2.48617 -0.734572 1.12332 2.48617 -0.00144545
10.04 -0.00396355 2.47883 -0.740113 1.12333 2.47881 -0.00982491
10.05 -0.00733609 2.47142 -0.745629 1.12333 2.47136 -0.0181304
10.06 -0.0106989 2.46397 -0.75112 1.12334 2.46383 -0.0263612
10.07 -0.0140517 2.45646 -0.756587 1.12335 2.45621 -0.0345164
10.08 -0.0173945 2.44889 -0.762028 1.12335 2.44852 -0.0425951
10.09 -0.020727 2.44127 -0.767444 1.12336 2.44075 -0.0505967
10.1 -0.0240491 2.4336 -0.772834 1.12336 2.43289 -0.0585202
10.11 -0.0273606 2.42587 -0.778198 1.12336 2.42496 -0.0663649
10.12 -0.0306613 2.41809 -0.783536 1.12337 2.41695 -0.0741301
10.13 -0.0339511 2.41025 -0.788848 1.12337 2.40886 -0.0818149
10.14 -0.0372297 2.40236 -0.794132 1.12338 2.4007 -0.0894186
10.15 -0.040497 2.39442 -0.79939 1.12338 2.39246 -0.0969404
10.16 -0.0437528 2.38643 -0.80462 1.12338 2.38414 -0.10438
10.17 -0.0469969 2.37838 -0.809823 1.12338 2.37575 -0.111735
10.18 -0.0502291 2.37028 -0.814998 1.12339 2.36729 -0.119007
10.19 -0.0534492 2.36213 -0.820144 1.12339 2.35876 -0.126194
10.2 -0.0566569 2.35393 -0.825262 1.12339 2.35015 -0.133295
10.21 -0.0598522 2.34568 -0.830352 1.12339 2.34148 -0.14031
10.22 -0.0630347 2.33737 -0.835412 1.12339 2.33273 -0.147238
10.23 -0.0662044 2.32902 -0.840443 1.12339 2.32392 -0.154079
10.24 -0.0693608 2.32062 -0.845445 1.12339 2.31504 -0.160831
10.25 -0.0725039 2.31216 -0.850416 1.12339 2.30609 -0.167494
10.26 -0.0756334 2.30366 -0.855357 1.12339 2.29707 -0.174067
10.27 -0.078749 2.2951 -0.860268 1.12339 2.28799 -0.18055
10.28 -0.0818506 2.2865 -0.865147 1.12339 2.27885 -0.186943
10.29 -0.0849378 2.27785 -0.869996 1.12339 2.26964 -0.193243
10.3 -0.0880105 2.26915 -0.874813 1.12338 2.26037 -0.199451
10.31 -0.0910684 2.2604 -0.879598 1.12338 2.25103 -0.205567
10.32 -0.0941112 2.25161 -0.884351 1.12338 2.24164 -0.211589
10.33 -0.0971388 2.24276 -0.889072 1.12338 2.23219 -0.217517
10.34 -0.100151 2.23387 -0.893759 1.12337 2.22268 -0.22335
10.35 -0.103147 2.22493 -0.898414 1.12337 2.21311 -0.229088
10.36 -0.106127 2.21595 -0.903034 1.12336 2.20348 -0.23473
10.37 -0.10909 2.20692 -0.907621 1.12336 2.1938 -0.240276
10.38 -0.112037 2.19784 -0.912174 1.12335 2.18406 -0.245725
10.39 -0.114967 2.18872 -0.916692 1.12335 2.17427 -0.251076
10.4 -0.117879 2.17955 -0.921175 1.12334 2.16443 -0.25633
10.41 -0.120774 2.17034 -0.925623 1.12334 2.15453 -0.261485
10.42 -0.123651 2.16109 -0.930035 1.12333 2.14459 -0.266541
10.43 -0.12651 2.15179 -0.934411 1.12332 2.13459 -0.271497
10.44 -0.12935 2.14244 -0.93875 1.12331 2.12454 -0.276354
10.45 -0.132172 2.13305 -0.943052 1.12331 2.11445 -0.281109
10.46 -0.134974 2.12362 -0.947317 1.1233 2.10431 -0.285764
10.47 -0.137757 2.11415 -0.951544 1.12329 2.09412 -0.290318
10.48 -0.140519 2.10464 -0.955733 1.12328 2.08389 -0.294769
10.49 -0.143262 2.09508 -0.959883 1.12327 2.07362 -0.299119
10.5 -0.145983 2.08548 -0.963994 1.12326 2.0633 -0.303365
10.51 -0.148684 2.07584 -0.968066 1.12325 2.05294 -0.307508
10.52 -0.151363 2.06616 -0.972098 1.12324 2.04253 -0.311548
10.53 -0.154021 2.05644 -0.976089 1.12322 2.03209 -0.315484
10.54 -0.156656 2.04668 -0.980039 1.12321 2.02161 -0.319315
10.55 -0.159269 2.03688 -0.983948 1.1232 2.0111 -0.323042
10.56 -0.161859 2.02704 -0.987815 1.12319 2.00054 -0.326663
10.57 -0.164425 2.01716 -0.99164 1.12317 1.98995 -0.330179
10.58 -0.166967 2.00724 -0.995421 1.12316 1.97933 -0.333589
10.59 -0.169485 1.99729 -0.999159 1.12314 1.96867 -0.336893
10.6 -0.171979 1.9873 -1.00285 1.12313 1.95798 -0.34009
10.61 -0.174447 1.97727 -1.0065 1.12311 1.94726 -0.343181
10.62 -0.176889 1.9672 -1.01011 1.1231 1.93651 -0.346164
10.63 -0.179305 1.9571 -1.01367 1.12308 1.92573 -0.34904
10.64 -0.181694 1.94697 -1.01718 1.12306 1.91492 -0.351808
10.65 -0.184056 1.93679 -1.02064 1.12305 1.90408 -0.354469
10.66 -0.18639 1.92659 -1.02406 1.12303 1.89322 -0.357021
10.67 -0.188696 1.91635 -1.02743 1.12301 1.88233 -0.359464
10.68 -0.190973 1.90607 -1.03075 1.12299 1.87142 -0.361799
10.69 -0.19322 1.89576 -1.03402 1.12297 1.86049 -0.364025
10.7 -0.195438 1.88542 -1.03725 1.12295 1.84953 -0.366142
10.71 -0.197625 1.87505 -1.04042 1.12293 1.83856 -0.368149
10.72 -0.19978 1.86465 -1.04354 1.1229 1.82756 -0.370047
10.73 -0.201904 1.85421 -1.0466 1.12288 1.81655 -0.371835
10.74 -0.203996 1.84375 -1.04962 1.12286 1.80552 -0.373513
10.75 -0.206054 1.83325 -1.05258 1.12283 1.79447 -0.375081
10.76 -0.208079 1.82272 -1.05548 1.12281 1.78341 -0.376539
10.77 -0.210069 1.81217 -1.05833 1.12278 1.77233 -0.377886
10.78 -0.212024 1.80159 -1.06113 1.12276 1.76124 -0.379123
10.79 -0.213943 1.79097 -1.06386 1.12273 1.75014 -0.380249
10.8 -0.215825 1.78034 -1.06654 1.1227 1.73903 -0.381265
10.81 -0.21767 1.76967 -1.06916 1.12268 1.72791 -0.38217
10.82 -0.219477 1.75898 -1.07172 1.12265 1.71678 -0.382963
10.83 -0.221245 1.74826 -1.07422 1.12262 1.70565 -0.383646
10.84 -0.222973 1.73752 -1.07666 1.12259 1.69451 -0.384218
10.85 -0.224661 1.72675 -1.07903 1.12256 1.68336 -0.384678
10.86 -0.226307 1.71596 -1.08134 1.12252 1.67221 -0.385028
10.87 -0.227911 1.70515 -1.08359 1.12249 1.66106 -0.385266
10.88 -0.229471 1.69431 -1.08577 1.12246 1.6499 -0.385393
10.89 -0.230988 1.68346 -1.08788 1.12242 1.63874 -0.385409
10.9 -0.232459 1.67258 -1.08993 1.12239 1.62759 -0.385314
10.91 -0.233885 1.66168 -1.0919 1.12235 1.61644 -0.385107
10.92 -0.235263 1.65076 -1.0938 1.12232 1.60529 -0.38479
10.93 -0.236593 1.63982 -1.09564 1.12228 1.59414 -0.384361
10.94 -0.237875 1.62886 -1.09739 1.12224 1.583 -0.383822
10.95 -0.239105 1.61789 -1.09908 1.1222 1.57186 -0.383171
10.96 -0.240285 1.6069 -1.10069 1.12216 1.56073 -0.382409
10.97 -0.241412 1.59589 -1.10221 1.12212 1.54961 -0.381537
10.98 -0.242486 1.58487 -1.10366 1.12207 1.5385 -0.380554
10.99 -0.243505 1.57383 -1.10503 1.12203 1.5274 -0.37946
11 -0.244468 1.56278 -1.10632 1.12199 1.51632 -0.378256
11.01 -0.245373 1.55172 -1.10752 1.12194 1.50524 -0.376941
11.02 -0.24622 1.54065 -1.10864 1.12189 1.49418 -0.375516
11.03 -0.247007 1.52956 -1.10967 1.12184 1.48313 -0.373981
11.04 -0.247733 1.51846 -1.11061 1.1218 1.4721 -0.372337
11.05 -0.248396 1.50736 -1.11146 1.12174 1.46109 -0.370582
11.06 -0.248994 1.49624 -1.11221 1.12169 1.4501 -0.368718
11.07 -0.249528 1.48512 -1.11287 1.12164 1.43912 -0.366745
11.08 -0.249994 1.47399 -1.11344 1.12159 1.42817 -0.364662
11.09 -0.250391 1.46286 -1.1139 1.12153 1.41724 -0.36247
11.1 -0.250718 1.45172 -1.11426 1.12147 1.40633 -0.36017
11.11 -0.250973 1.44057 -1.11452 1.12141 1.39544 -0.357762
11.12 -0.251154 1.42943 -1.11467 1.12135 1.38458 -0.355245
11.13 -0.25126 1.41828 -1.11471 1.12129 1.37375 -0.35262
11.14 -0.251289 1.40714 -1.11464 1.12123 1.36294 -0.349888
11.15 -0.251238 1.39599 -1.11445 1.12117 1.35216 -0.347048
11.16 -0.251107 1.38484 -1.11415 1.1211 1.34141 -0.344101
11.17 -0.250893 1.3737 -1.11372 1.12103 1.33069 -0.341048
11.18 -0.250593 1.36257 -1.11318 1.12097 1.32001 -0.337888
11.19 -0.250207 1.35143 -1.1125 1.1209 1.30935 -0.334621
11.2 -0.249732 1.34031 -1.1117 1.12082 1.29873 -0.33125
11.21 -0.249165 1.32919 -1.11077 1.12075 1.28814 -0.327772
11.22 -0.248505 1.31808 -1.10969 1.12067 1.27759 -0.32419
11.23 -0.247749 1.30699 -1.10848 1.1206 1.26708 -0.320503
11.24 -0.246895 1.2959 -1.10713 1.12052 1.25661 -0.316711
11.25 -0.245941 1.28483 -1.10562 1.12044 1.24617 -0.312816
11.26 -0.244883 1.27378 -1.10397 1.12035 1.23577 -0.308817
11.27 -0.24372 1.26274 -1.10216 1.12027 1.22542 -0.304716
11.28 -0.242448 1.25171 -1.10019 1.12018 1.21511 -0.300511
11.29 -0.241065 1.24071 -1.09806 1.12009 1.20484 -0.296204
11.3 -0.239569 1.22973 -1.09575 1.12 1.19461 -0.291796
11.31 -0.237957 1.21877 -1.09328 1.11991 1.18443 -0.287286
11.32 -0.236224 1.20784 -1.09062 1.11982 1.1743 -0.282675
11.33 -0.23437 1.19693 -1.08778 1.11972 1.16421 -0.277964
11.34 -0.23239 1.18606 -1.08475 1.11962 1.15417 -0.273153
11.35 -0.230281 1.17521 -1.08153 1.11952 1.14419 -0.268243
11.36 -0.228041 1.16439 -1.07811 1.11942 1.13425 -0.263234
11.37 -0.225665 1.15361 -1.07448 1.11931 1.12436 -0.258126
11.38 -0.223151 1.14287 -1.07064 1.1192 1.11453 -0.252921
11.39 -0.220495 1.13216 -1.06658 1.1191 1.10475 -0.247618
11.4 -0.217693 1.1215 -1.06229 1.11898 1.09503 -0.242218
11.41 -0.214742 1.11087 -1.05777 1.11887 1.08536 -0.236722
11.42 -0.211639 1.1003 -1.05302 1.11875 1.07575 -0.231131
11.43 -0.208379 1.08977 -1.04801 1.11864 1.06619 -0.225444
11.44 -0.204959 1.07929 -1.04276 1.11852 1.0567 -0.219663
11.45 -0.201374 1.06886 -1.03724 1.11839 1.04726 -0.213788
11.46 -0.197621 1.05849 -1.03145 1.11827 1.03788 -0.20782
11.47 -0.193695 1.04817 -1.02539 1.11815 1.02857 -0.201759
11.48 -0.189593 1.03792 -1.01904 1.11802 1.01932 -0.195605
11.49 -0.185311 1.02773 -1.0124 1.11789 1.01013 -0.18936
11.5 -0.180843 1.0176 -1.00545 1.11776 1.00101 -0.183025
11.51 -0.176186 1.00755 -0.998196 1.11763 0.99195 -0.176599
11.52 -0.171335 0.997566 -0.990616 1.1175 0.98296 -0.170083
11.53 -0.166286 0.98766 -0.982706 1.11736 0.974036 -0.163478
11.54 -0.161035 0.977833 -0.974455 1.11723 0.965181 -0.156785
11.55 -0.155576 0.968088 -0.965853 1.11709 0.956396 -0.150005
11.56 -0.149906 0.95843 -0.956891 1.11696 0.947681 -0.143137
11.57 -0.14402 0.948861 -0.947557 1.11682 0.939037 -0.136183
11.58 -0.137913 0.939385 -0.937843 1.11669 0.930466 -0.129143
11.59 -0.131581 0.930007 -0.927736 1.11655 0.921968 -0.122018
11.6 -0.125019 0.920729 -0.917226 1.11642 0.913543 -0.114809
11.61 -0.118223 0.911557 -0.906302 1.11629 0.905194 -0.107516
11.62 -0.111188 0.902494 -0.894955 1.11616 0.896921 -0.10014
11.63 -0.103911 0.893545 -0.883172 1.11603 0.888725 -0.0926818
11.64 -0.096386 0.884713 -0.870943 1.11591 0.880606 -0.0851419
11.65 -0.08861 0.876003 -0.858257 1.11579 0.872567 -0.0775211
11.66 -0.0805786 0.867421 -0.845103 1.11568 0.864606 -0.06982
11.67 -0.0722882 0.85897 -0.831472 1.11557 0.856726 -0.0620393
11.68 -0.0637349 0.850655 -0.817353 1.11546 0.848928 -0.0541797
11.69 -0.0549154 0.842482 -0.802736 1.11536 0.841212 -0.0462419
11.7 -0.0458264 0.834454 -0.787612 1.11527 0.833578 -0.0382267
11.71 -0.0364651 0.826578 -0.771971 1.11519 0.826029 -0.0301345
11.72 -0.0268287 0.818858 -0.755806 1.11512 0.818564 -0.0219663
11.73 -0.0169151 0.8113 -0.739107 1.11505 0.811184 -0.0137226
11.74 -0.00672238 0.803909 -0.72187 1.115 0.803891 -0.00540414
11.75 0.00375103 0.796691 -0.704086 1.11496 0.796685 0.0029884
11.76 0.0145061 0.78965 -0.68575 1.11493 0.789567 0.0114543
11.77 0.0255434 0.782792 -0.66686 1.11492 0.782537 0.019993
11.78 0.0368629 0.776124 -0.64741 1.11492 0.775596 0.0286037
11.79 0.0484641 0.769649 -0.6274 1.11494 0.768746 0.0372857
11.8 0.0603457 0.763375 -0.606829 1.11498 0.761986 0.0460385
11.81 0.0725059 0.757307 -0.585698 1.11503 0.755317 0.0548612
11.82 0.0849423 0.75145 -0.56401 1.1151 0.748741 0.0637532
11.83 0.0976515 0.74581 -0.541769 1.11519 0.742257 0.0727138
11.84 0.11063 0.740392 -0.518982 1.1153 0.735866 0.0817423
11.85 0.123872 0.735203 -0.495656 1.11543 0.729569 0.0908381
11.86 0.137372 0.730246 -0.471801 1.11559 0.723367 0.1
11.87 0.151125 0.725528 -0.447431 1.11576 0.717259 0.109229
11.88 0.165122 0.721054 -0.422559 1.11596 0.711246 0.118522
11.89 0.179356 0.716828 -0.397202 1.11618 0.705329 0.127879
11.9 0.193817 0.712856 -0.371379 1.11642 0.699509 0.1373
11.91 0.208496 0.709142 -0.34511 1.11668 0.693785 0.146784
11.92 0.223381 0.705691 -0.31842 1.11696 0.688158 0.15633
11.93 0.238462 0.702507 -0.291333 1.11726 0.682628 0.165938
11.94 0.253724 0.699594 -0.263876 1.11759 0.677196 0.175606
11.95 0.269156 0.696955 -0.23608 1.11793 0.671861 0.185333
11.96 0.284743 0.694594 -0.207976 1.11829 0.666625 0.195119
11.97 0.30047 0.692514 -0.179597 1.11866 0.661488 0.204963
11.98 0.316322 0.690718 -0.150978 1.11905 0.656449 0.214864
11.99 0.332282 0.689209 -0.122156 1.11945 0.651509 0.224821
12 0.348335 0.687987 -0.0931673 1.11986 0.646668 0.234833
12.01 0.364462 0.687055 -0.0640513 1.12028 0.641927 0.244898
12.02 0.380646 0.686415 -0.0348473 1.1207 0.637285 0.255017
12.03 0.39687 0.686066 -0.00559527 1.12113 0.632742 0.265188
12.04 0.413116 0.68601 0.0236645 1.12156 0.628299 0.275409
12.05 0.429365 0.686247 0.0528916 1.12198 0.623957 0.28568
12.06 0.445599 0.686776 0.0820459 1.12241 0.619714 0.295999
12.07 0.461801 0.687596 0.111088 1.12282 0.615572 0.306366
12.08 0.477952 0.688707 0.139978 1.12323 0.61153 0.316779
12.09 0.494035 0.690107 0.168679 1.12363 0.607589 0.327236
12.1 0.510032 0.691794 0.197154 1.12402 0.603749 0.337737
12.11 0.525927 0.693765 0.225368 1.12439 0.600009 0.348281
12.12 0.541704 0.696019 0.253285 1.12475 0.596371 0.358865
12.13 0.557346 0.698552 0.280875 1.12509 0.592834 0.369489
12.14 0.572839 0.701361 0.308107 1.12541 0.589399 0.380152
12.15 0.588168 0.704442 0.334952 1.12571 0.586066 0.390851
12.16 0.60332 0.707791 0.361385 1.12599 0.582835 0.401586
12.17 0.618281 0.711405 0.387381 1.12625 0.579707 0.412355
12.18 0.63304 0.715279 0.412919 1.12648 0.576681 0.423158
12.19 0.647586 0.719408 0.437978 1.1267 0.573759 0.433992
12.2 0.661907 0.723788 0.462542 1.12689 0.570939 0.444856
12.21 0.675996 0.728413 0.486595 1.12706 0.568224 0.45575
12.22 0.689843 0.733279 0.510125 1.12721 0.565612 0.466671
12.23 0.703441 0.738381 0.533119 1.12734 0.563104 0.477618
12.24 0.716783 0.743712 0.55557 1.12745 0.560702 0.488591
12.25 0.729862 0.749267 0.57747 1.12754 0.558404 0.499587
12.26 0.742675 0.755042 0.598814 1.12761 0.556211 0.510605
12.27 0.755216 0.76103 0.6196 1.12766 0.554124 0.521645
12.28 0.767482 0.767226 0.639824 1.12769 0.552143 0.532705
12.29 0.779471 0.773625 0.659488 1.1277 0.550268 0.543783
12.3 0.791179 0.780219 0.678592 1.1277 0.5485 0.554879
12.31 0.802607 0.787005 0.697139 1.12769 0.546838 0.56599
12.32 0.813752 0.793977 0.715134 1.12766 0.545284 0.577117
12.33 0.824615 0.801128 0.73258 1.12761 0.543838 0.588257
12.34 0.835196 0.808454 0.749483 1.12756 0.542499 0.59941
12.35 0.845496 0.815949 0.765852 1.12749 0.541268 0.610574
12.36 0.855516 0.823607 0.781692 1.12742 0.540146 0.621749
12.37 0.865258 0.831424 0.797013 1.12733 0.539132 0.632932
12.38 0.874724 0.839394 0.811823 1.12724 0.538227 0.644123
12.39 0.883917 0.847512 0.826131 1.12714 0.537431 0.655321
12.4 0.892839 0.855774 0.839948 1.12703 0.536744 0.666524
12.41 0.901494 0.864173 0.853282 1.12692 0.536167 0.677732
12.42 0.909885 0.872706 0.866146 1.12681 0.535699 0.688943
12.43 0.918014 0.881368 0.878548 1.12668 0.535341 0.700156
12.44 0.925888 0.890153 0.890501 1.12656 0.535094 0.71137
12.45 0.933508 0.899058 0.902014 1.12643 0.534956 0.722584
12.46 0.94088 0.908078 0.913098 1.1263 0.534928 0.733797
12.47 0.948007 0.917209 0.923765 1.12617 0.535011 0.745007
12.48 0.954893 0.926447 0.934024 1.12603 0.535204 0.756214
12.49 0.961544 0.935787 0.943888 1.1259 0.535508 0.767417
12.5 0.967964 0.945226 0.953366 1.12576 0.535922 0.778614
12.51 0.974156 0.95476 0.962469 1.12563 0.536447 0.789804
12.52 0.980126 0.964384 0.971208 1.12549 0.537083 0.800986
12.53 0.985879 0.974096 0.979591 1.12535 0.537829 0.81216
12.54 0.991418 0.983892 0.987631 1.12522 0.538685 0.823324
12.55 0.996748 0.993769 0.995336 1.12508 0.539652 0.834477
12.56 1.00187 1.00372 1.00272 1.12495 0.54073 0.845617
12.57 1.0068 1.01375 1.00978 1.12482 0.541918 0.856745
12.58 1.01153 1.02385 1.01654 1.12469 0.543217 0.867858
12.59 1.01607 1.03401 1.023 1.12456 0.544626 0.878956
12.6 1.02042 1.04424 1.02917 1.12443 0.546145 0.890038
12.61 1.02459 1.05453 1.03506 1.1243 0.547774 0.901102
12.62 1.02859 1.06488 1.04068 1.12418 0.549513 0.912148
12.63 1.0324 1.07529 1.04603 1.12406 0.551362 0.923174
12.64 1.03605 1.08575 1.05113 1.12394 0.553321 0.93418
12.65 1.03954 1.09626 1.05598 1.12382 0.55539 0.945164
12.66 1.04286 1.10682 1.06059 1.1237 0.557567 0.956125
12.67 1.04602 1.11743 1.06496 1.12359 0.559854 0.967063
12.68 1.04903 1.12808 1.06911 1.12348 0.56225 0.977975
12.69 1.05189 1.13877 1.07303 1.12337 0.564755 0.988862
12.7 1.0546 1.1495 1.07674 1.12326 0.567368 0.999722
12.71 1.05717 1.16027 1.08025 1.12315 0.570089 1.01055
12.72 1.05959 1.17107 1.08354 1.12305 0.572918 1.02136
12.73 1.06189 1.18191 1.08665 1.12295 0.575855 1.03213
12.74 1.06404 1.19277 1.08956 1.12285 0.5789 1.04287
12.75 1.06607 1.20367 1.09228 1.12275 0.582052 1.05358
12.76 1.06798 1.21459 1.09483 1.12266 0.58531 1.06426
12.77 1.06975 1.22554 1.0972 1.12256 0.588675 1.0749
12.78 1.07141 1.23651 1.09939 1.12247 0.592147 1.0855
12.79 1.07295 1.2475 1.10143 1.12239 0.595724 1.09607
12.8 1.07438 1.25852 1.1033 1.1223 0.599406 1.10661
12.81 1.07569 1.26955 1.10501 1.12221 0.603194 1.1171
12.82 1.0769 1.2806 1.10657 1.12213 0.607087 1.12756
12.83 1.07799 1.29167 1.10798 1.12205 0.611084 1.13797
12.84 1.07899 1.30275 1.10925 1.12197 0.615185 1.14835
12.85 1.07988 1.31384 1.11037 1.12189 0.619389 1.15868
12.86 1.08067 1.32494 1.11136 1.12182 0.623697 1.16896
12.87 1.08137 1.33606 1.11221 1.12174 0.628107 1.17921
12.88 1.08197 1.34718 1.11293 1.12167 0.63262 1.1894
12.89 1.08248 1.35831 1.11353 1.1216 0.637235 1.19956
12.9 1.0829 1.36944 1.114 1.12153 0.641951 1.20966
12.91 1.08323 1.38058 1.11435 1.12146 0.646767 1.21971
12.92 1.08348 1.39173 1.11458 1.1214 0.651685 1.22972
12.93 1.08364 1.40287 1.11469 1.12133 0.656702 1.23968
12.94 1.08372 1.41402 1.11469 1.12127 0.661818 1.24958
12.95 1.08373 1.42517 1.11459 1.12121 0.667034 1.25943
12.96 1.08365 1.43631 1.11437 1.12115 0.672348 1.26923
12.97 1.0835 1.44746 1.11405 1.12109 0.677759 1.27897
12.98 1.08327 1.4586 1.11363 1.12104 0.683268 1.28866
12.99 1.08297 1.46973 1.1131 1.12098 0.688874 1.29829
13 1.0826 1.48086 1.11248 1.12093 0.694576 1.30787
13.01 1.08216 1.49199 1.11176 1.12087 0.700374 1.31739
13.02 1.08165 1.50311 1.11095 1.12082 0.706266 1.32684
13.03 1.08108 1.51422 1.11004 1.12077 0.712253 1.33624
13.04 1.08044 1.52532 1.10905 1.12072 0.718334 1.34558
13.05 1.07974 1.53641 1.10796 1.12067 0.724508 1.35486
13.06 1.07897 1.54749 1.10679 1.12063 0.730775 1.36407
13.07 1.07815 1.55855 1.10554 1.12058 0.737133 1.37322
13.08 1.07727 1.56961 1.1042 1.12054 0.743583 1.3823
13.09 1.07633 1.58065 1.10278 1.12049 0.750124 1.39132
13.1 1.07533 1.59168 1.10128 1.12045 0.756755 1.40027
13.11 1.07427 1.60269 1.0997 1.12041 0.763475 1.40916
13.12 1.07317 1.61369 1.09805 1.12037 0.770283 1.41798
13.13 1.07201 1.62467 1.09632 1.12033 0.77718 1.42672
13.14 1.0708 1.63563 1.09451 1.12029 0.784164 1.4354
13.15 1.06953 1.64658 1.09264 1.12025 0.791234 1.44401
13.16 1.06822 1.6575 1.09069 1.12021 0.798391 1.45255
13.17 1.06686 1.66841 1.08867 1.12018 0.805632 1.46101
13.18 1.06546 1.6793 1.08659 1.12014 0.812958 1.4694
13.19 1.064 1.69016 1.08443 1.12011 0.820368 1.47772
13.2 1.0625 1.70101 1.08221 1.12007 0.82786 1.48596
13.21 1.06096 1.71183 1.07992 1.12004 0.835435 1.49413
13.22 1.05937 1.72263 1.07757 1.12001 0.843091 1.50222
13.23 1.05774 1.73341 1.07516 1.11998 0.850828 1.51023
13.24 1.05607 1.74416 1.07268 1.11995 0.858645 1.51816
13.25 1.05436 1.75488 1.07015 1.11992 0.86654 1.52602
13.26 1.0526 1.76559 1.06755 1.11989 0.874515 1.53379
13.27 1.05081 1.77626 1.06489 1.11986 0.882566 1.54149
13.28 1.04898 1.78691 1.06218 1.11983 0.890694 1.5491
13.29 1.04711 1.79753 1.05941 1.11981 0.898899 1.55663
13.3 1.04521 1.80813 1.05658 1.11978 0.907178 1.56408
13.31 1.04327 1.81869 1.05369 1.11976 0.915531 1.57145
13.32 1.04129 1.82923 1.05076 1.11973 0.923958 1.57873
13.33 1.03928 1.83974 1.04776 1.11971 0.932457 1.58592
13.34 1.03723 1.85021 1.04472 1.11968 0.941028 1.59303
13.35 1.03515 1.86066 1.04162 1.11966 0.94967 1.60006
13.36 1.03304 1.87108 1.03847 1.11964 0.958382 1.60699
13.37 1.0309 1.88146 1.03526 1.11962 0.967163 1.61384
13.38 1.02872 1.89181 1.03201 1.1196 0.976011 1.62061
13.39 1.02652 1.90213 1.02871 1.11958 0.984928 1.62728
13.4 1.02428 1.91242 1.02536 1.11956 0.99391 1.63386
13.41 1.02202 1.92267 1.02196 1.11954 1.00296 1.64035
13.42 1.01972 1.93289 1.01851 1.11952 1.01207 1.64675
13.43 1.0174 1.94308 1.01501 1.1195 1.02125 1.65306
13.44 1.01505 1.95323 1.01147 1.11949 1.03049 1.65928
13.45 1.01267 1.96334 1.00789 1.11947 1.03979 1.6654
13.46 1.01026 1.97342 1.00425 1.11945 1.04915 1.67143
13.47 1.00783 1.98347 1.00058 1.11944 1.05857 1.67737
13.48 1.00537 1.99347 0.996856 1.11942 1.06805 1.68321
13.49 1.00289 2.00344 0.993091 1.11941 1.07759 1.68895
13.5 1.00038 2.01337 0.989283 1.11939 1.08719 1.69461
13.51 0.997846 2.02326 0.985432 1.11938 1.09684 1.70016
13.52 0.995288 2.03312 0.981539 1.11937 1.10655 1.70562
13.53 0.992708 2.04293 0.977604 1.11935 1.11631 1.71097
13.54 0.990104 2.05271 0.973629 1.11934 1.12612 1.71624
13.55 0.987477 2.06245 0.969613 1.11933 1.13599 1.7214
13.56 0.984828 2.07214 0.965556 1.11932 1.14591 1.72646
13.57 0.982157 2.0818 0.96146 1.11931 1.15588 1.73142
13.58 0.979464 2.09141 0.957325 1.1193 1.16589 1.73629
13.59 0.97675 2.10099 0.95315 1.11929 1.17596 1.74105
13.6 0.974016 2.11052 0.948938 1.11928 1.18607 1.74571
13.61 0.971261 2.12001 0.944687 1.11927 1.19623 1.75027
13.62 0.968486 2.12945 0.940399 1.11926 1.20644 1.75473
13.63 0.965691 2.13886 0.936074 1.11925 1.21669 1.75909
13.64 0.962877 2.14822 0.931712 1.11925 1.22698 1.76334
13.65 0.960044 2.15754 0.927314 1.11924 1.23731 1.76749
13.66 0.957192 2.16681 0.92288 1.11923 1.24769 1.77153
13.67 0.954322 2.17604 0.918411 1.11922 1.2581 1.77548
13.68 0.951434 2.18522 0.913906 1.11922 1.26856 1.77931
13.69 0.948528 2.19436 0.909366 1.11921 1.27905 1.78305
13.7 0.945605 2.20345 0.904793 1.11921 1.28958 1.78667
13.71 0.942665 2.2125 0.900185 1.1192 1.30014 1.79019
13.72 0.939707 2.2215 0.895543 1.1192 1.31074 1.79361
13.73 0.936734 2.23046 0.890868 1.11919 1.32137 1.79692
13.74 0.933744 2.23937 0.88616 1.11919 1.33204 1.80012
13.75 0.930738 2.24823 0.881419 1.11919 1.34274 1.80322
13.76 0.927716 2.25704 0.876647 1.11919 1.35347 1.8062
13.77 0.924679 2.26581 0.871842 1.11918 1.36422 1.80909
13.78 0.921627 2.27453 0.867005 1.11918 1.37501 1.81186
13.79 0.91856 2.2832 0.862137 1.11918 1.38582 1.81452
13.8 0.915478 2.29182 0.857239 1.11918 1.39666 1.81708
13.81 0.912382 2.30039 0.852309 1.11918 1.40753 1.81953
13.82 0.909272 2.30892 0.847349 1.11918 1.41841 1.82186
13.83 0.906148 2.31739 0.842359 1.11918 1.42933 1.82409
13.84 0.90301 2.32581 0.83734 1.11918 1.44026 1.82621
13.85 0.899858 2.33419 0.83229 1.11918 1.45121 1.82823
13.86 0.896694 2.34251 0.827212 1.11918 1.46219 1.83013
13.87 0.893516 2.35078 0.822105 1.11918 1.47318 1.83192
13.88 0.890326 2.359 0.816969 1.11918 1.48419 1.8336
13.89 0.887123 2.36717 0.811805 1.11918 1.49521 1.83517
13.9 0.883907 2.37529 0.806613 1.11918 1.50625 1.83663
13.91 0.88068 2.38336 0.801393 1.11919 1.51731 1.83798
13.92 0.87744 2.39137 0.796146 1.11919 1.52838 1.83922
13.93 0.874189 2.39933 0.790872 1.11919 1.53946 1.84034
13.94 0.870926 2.40724 0.785571 1.1192 1.55055 1.84136
13.95 0.867652 2.4151 0.780243 1.1192 1.56165 1.84227
13.96 0.864366 2.4229 0.774889 1.1192 1.57276 1.84306
13.97 0.86107 2.43065 0.769508 1.11921 1.58387 1.84374
13.98 0.857762 2.43834 0.764102 1.11921 1.595 1.84431
13.99 0.854444 2.44598 0.758671 1.11922 1.60613 1.84478
14 0.851116 2.45357 0.753214 1.11922 1.61726 1.84512
14.01 0.847777 2.4611 0.747732 1.11923 1.62839 1.84536
14.02 0.844428 2.46858 0.742225 1.11923 1.63953 1.84549
14.03 0.841069 2.476 0.736694 1.11924 1.65067 1.8455
14.04 0.8377 2.48337 0.731138 1.11925 1.66181 1.84541
14.05 0.834321 2.49068 0.725559 1.11925 1.67294 1.8452
14.06 0.830933 2.49794 0.719956 1.11926 1.68407 1.84488
14.07 0.827536 2.50513 0.714329 1.11927 1.6952 1.84445
14.08 0.824129 2.51228 0.708679 1.11928 1.70633 1.8439
14.09 0.820714 2.51936 0.703006 1.11928 1.71745 1.84325
14.1 0.817289 2.52639 0.69731 1.11929 1.72856 1.84248
14.11 0.813856 2.53337 0.691592 1.1193 1.73966 1.84161
14.12 0.810414 2.54028 0.685851 1.11931 1.75076 1.84062
14.13 0.806964 2.54714 0.680088 1.11932 1.76184 1.83952
14.14 0.803505 2.55394 0.674304 1.11933 1.77292 1.83831
14.15 0.800038 2.56069 0.668498 1.11934 1.78398 1.83699
14.16 0.796563 2.56737 0.66267 1.11935 1.79502 1.83556
14.17 0.79308 2.574 0.656821 1.11936 1.80606 1.83402
14.18 0.78959 2.58057 0.650952 1.11937 1.81707 1.83237
14.19 0.786091 2.58708 0.645062 1.11938 1.82807 1.83061
14.2 0.782586 2.59353 0.639151 1.11939 1.83905 1.82873
14.21 0.779072 2.59992 0.63322 1.1194 1.85001 1.82675
14.22 0.775552 2.60625 0.62727 1.11941 1.86095 1.82466
14.23 0.772024 2.61252 0.621299 1.11942 1.87187 1.82246
14.24 0.768489 2.61874 0.615309 1.11943 1.88277 1.82015
14.25 0.764947 2.62489 0.6093 1.11945 1.89364 1.81773
14.26 0.761399 2.63098 0.603271 1.11946 1.90449 1.81521
14.27 0.757843 2.63701 0.597224 1.11947 1.91532 1.81257
14.28 0.754281 2.64299 0.591158 1.11948 1.92611 1.80983
14.29 0.750713 2.6489 0.585074 1.1195 1.93688 1.80697
14.3 0.747138 2.65475 0.578972 1.11951 1.94762 1.80401
14.31 0.743557 2.66054 0.572851 1.11952 1.95833 1.80095
14.32 0.73997 2.66627 0.566713 1.11954 1.96901 1.79777
14.33 0.736376 2.67193 0.560558 1.11955 1.97966 1.79449
14.34 0.732777 2.67754 0.554385 1.11957 1.99027 1.7911
14.35 0.729172 2.68308 0.548195 1.11958 2.00085 1.78761
14.36 0.725561 2.68857 0.541988 1.1196 2.01139 1.78401
14.37 0.721944 2.69399 0.535765 1.11961 2.0219 1.78031
14.38 0.718322 2.69934 0.529525 1.11963 2.03237 1.7765
14.39 0.714695 2.70464 0.523268 1.11964 2.0428 1.77258
14.4 0.711062 2.70987 0.516996 1.11966 2.05319 1.76857
14.41 0.707423 2.71504 0.510708 1.11967 2.06354 1.76444
14.42 0.70378 2.72015 0.504405 1.11969 2.07385 1.76022
14.43 0.700132 2.72519 0.498086 1.1197 2.08411 1.75589
14.44 0.696478 2.73017 0.491752 1.11972 2.09433 1.75146
14.45 0.69282 2.73509 0.485403 1.11974 2.10451 1.74693
14.46 0.689156 2.73994 0.479039 1.11975 2.11464 1.74229
14.47 0.685488 2.74474 0.472661 1.11977 2.12473 1.73756
14.48 0.681816 2.74946 0.466268 1.11979 2.13476 1.73272
14.49 0.678139 2.75412 0.459862 1.1198 2.14475 1.72779
14.5 0.674457 2.75872 0.453441 1.11982 2.15469 1.72275
14.51 0.670771 2.76326 0.447007 1.11984 2.16458 1.71761
14.52 0.667081 2.76773 0.440559 1.11986 2.17441 1.71238
14.53 0.663386 2.77213 0.434099 1.11988 2.1842 1.70705
14.54 0.659687 2.77647 0.427625 1.11989 2.19393 1.70162
14.55 0.655985 2.78075 0.421138 1.11991 2.2036 1.69609
14.56 0.652278 2.78496 0.414638 1.11993 2.21322 1.69047
14.57 0.648567 2.78911 0.408126 1.11995 2.22278 1.68475
14.58 0.644853 2.79319 0.401602 1.11997 2.23228 1.67893
14.59 0.641134 2.79721 0.395066 1.11999 2.24173 1.67302
14.6 0.637412 2.80116 0.388518 1.12001 2.25112 1.66702
14.61 0.633687 2.80504 0.381959 1.12002 2.26044 1.66092
14.62 0.629958 2.80886 0.375388 1.12004 2.26971 1.65473
14.63 0.626225 2.81261 0.368806 1.12006 2.27891 1.64845
14.64 0.622489 2.8163 0.362213 1.12008 2.28805 1.64207
14.65 0.61875 2.81993 0.355609 1.1201 2.29712 1.63561
14.66 0.615008 2.82348 0.348994 1.12012 2.30613 1.62905
14.67 0.611262 2.82697 0.34237 1.12014 2.31508 1.6224
14.68 0.607513 2.83039 0.335735 1.12016 2.32395 1.61567
14.69 0.603762 2.83375 0.32909 1.12018 2.33276 1.60884
14.7 0.600007 2.83704 0.322435 1.1202 2.3415 1.60193
14.71 0.596249 2.84027 0.315771 1.12023 2.35017 1.59493
14.72 0.592489 2.84343 0.309097 1.12025 2.35877 1.58785
14.73 0.588726 2.84652 0.302414 1.12027 2.3673 1.58068
14.74 0.58496 2.84954 0.295723 1.12029 2.37576 1.57342
14.75 0.581192 2.8525 0.289022 1.12031 2.38414 1.56608
14.76 0.577421 2.85539 0.282313 1.12033 2.39245 1.55865
14.77 0.573647 2.85821 0.275596 1.12035 2.40069 1.55115
14.78 0.569871 2.86097 0.268871 1.12037 2.40885 1.54356
14.79 0.566093 2.86366 0.262138 1.1204 2.41693 1.53589
14.8 0.562312 2.86628 0.255397 1.12042 2.42494 1.52814
14.81 0.558529 2.86883 0.248648 1.12044 2.43287 1.52031
14.82 0.554745 2.87132 0.241892 1.12046 2.44072 1.5124
14.83 0.550957 2.87374 0.235129 1.12048 2.44849 1.50441
14.84 0.547168 2.87609 0.228359 1.1205 2.45618 1.49635
14.85 0.543377 2.87837 0.221583 1.12053 2.46379 1.4882
14.86 0.539584 2.88059 0.2148 1.12055 2.47132 1.47999
14.87 0.535789 2.88273 0.20801 1.12057 2.47877 1.47169
14.88 0.531993 2.88482 0.201215 1.12059 2.48613 1.46333
14.89 0.528194 2.88683 0.194413 1.12062 2.49341 1.45489
14.9 0.524394 2.88877 0.187606 1.12064 2.5006 1.44638
14.91 0.520593 2.89065 0.180794 1.12066 2.50771 1.43779
14.92 0.516789 2.89246 0.173976 1.12068 2.51473 1.42914
14.93 0.512985 2.8942 0.167153 1.12071 2.52166 1.42041
14.94 0.509179 2.89587 0.160325 1.12073 2.52851 1.41162
14.95 0.505371 2.89747 0.153492 1.12075 2.53527 1.40276
14.96 0.501562 2.899 0.146655 1.12078 2.54194 1.39383
14.97 0.497752 2.90047 0.139814 1.1208 2.54852 1.38483
14.98 0.493941 2.90187 0.132968 1.12082 2.55501 1.37577
14.99 0.490128 2.9032 0.126119 1.12085 2.56141 1.36665
15 0.486315 2.90446 0.119266 1.12087 2.56772 1.35746
