1 -28.5353
2 -66.5198
3 -82.996
4 -88.4127
5 -88.8966
6 -87.2541
7 -84.7678
8 -82.0294
9 -79.3069
10 -76.7132
11 -74.2866
12 -72.0309
13 -69.9353
14 -67.9836
15 -66.1592
16 -64.4471
17 -62.8342
18 -61.3098
19 -59.8648
20 -58.4918
21 -57.1848
22 -55.9387
23 -54.7492
24 -53.6128
25 -52.5263
26 -51.4868
27 -50.4921
28 -49.5397
29 -48.6277
30 -47.7542
31 -46.9175
32 -46.1159
33 -45.3479
34 -44.612
35 -43.9069
36 -43.2312
37 -42.5837
38 -41.9631
39 -41.3685
40 -40.7986
41 -40.2525
42 -39.7291
43 -39.2276
44 -38.7469
45 -38.2862
46 -37.8447
47 -37.4216
48 -37.0162
49 -36.6276
50 -36.2551
51 -35.8982
52 -35.5562
53 -35.2284
54 -34.9142
55 -34.6131
56 -34.3246
57 -34.048
58 -33.783
59 -33.529
60 -33.2856
61 -33.0523
62 -32.8288
63 -32.6145
64 -32.4092
65 -32.2124
66 -32.0238
67 -31.843
68 -31.6698
69 -31.5038
70 -31.3447
71 -31.1922
72 -31.0461
73 -30.9061
74 -30.7719
75 -30.6432
76 -30.52
77 -30.4018
78 -30.2886
79 -30.1801
80 -30.0761
81 -29.9765
82 -29.881
83 -29.7894
84 -29.7017
85 -29.6176
86 -29.5371
87 -29.4598
88 -29.3859
89 -29.3149
90 -29.247
91 -29.1818
92 -29.1194
93 -29.0596
94 -29.0022
95 -28.9473
96 -28.8946
97 -28.8442
98 -28.7958
99 -28.7494
100 -28.705
101 -28.6625
102 -28.6217
103 -28.5825
104 -28.5451
105 -28.5092
106 -28.4747
107 -28.4418
108 -28.4101
109 -28.3798
110 -28.3508
111 -28.323
112 -28.2963
113 -28.2708
114 -28.2463
115 -28.2228
116 -28.2003
117 -28.1787
118 -28.1581
119 -28.1383
120 -28.1193
121 -28.1011
122 -28.0837
123 -28.067
124 -28.051
125 -28.0356
126 -28.0209
127 -28.0068
128 -27.9933
129 -27.9804
130 -27.968
131 -27.9561
132 -27.9447
133 -27.9338
134 -27.9233
135 -27.9133
136 -27.9037
137 -27.8945
138 -27.8856
139 -27.8772
140 -27.8691
141 -27.8613
142 -27.8539
143 -27.8467
144 -27.8399
145 -27.8333
146 -27.827
147 -27.821
148 -27.8153
149 -27.8097
150 -27.8044
151 -27.7993
152 -27.7945
153 -27.7898
154 -27.7853
155 -27.7811
156 -27.777
157 -27.773
158 -27.7692
159 -27.7656
160 -27.7622
161 -27.7589
162 -27.7557
163 -27.7526
164 -27.7497
165 -27.7469
166 -27.7442
167 -27.7416
168 -27.7392
169 -27.7368
170 -27.7346
171 -27.7324
172 -27.7303
173 -27.7283
174 -27.7264
175 -27.7246
176 -27.7228
177 -27.7211
178 -27.7195
179 -27.718
180 -27.7165
181 -27.7151
182 -27.7137
183 -27.7124
184 -27.7112
185 -27.71
186 -27.7088
187 -27.7077
188 -27.7067
189 -27.7057
190 -27.7047
191 -27.7038
192 -27.7029
193 -27.702
194 -27.7012
195 -27.7004
196 -27.6997
197 -27.699
198 -27.6983
199 -27.6976
200 -27.697
201 -27.6964
202 -27.6958
203 -27.6953
204 -27.6947
205 -27.6942
206 -27.6937
207 -27.6933
208 -27.6928
209 -27.6924
210 -27.692
211 -27.6916
212 -27.6912
213 -27.6908
214 -27.6905
215 -27.6901
216 -27.6898
217 -27.6895
218 -27.6892
219 -27.6889
220 -27.6887
221 -27.6884
222 -27.6882
223 -27.6879
224 -27.6877
225 -27.6875
226 -27.6873
227 -27.6871
228 -27.6869
229 -27.6867
230 -27.6865
231 -27.6863
232 -27.6862
233 -27.686
234 -27.6859
235 -27.6857
236 -27.6856
237 -27.6855
238 -27.6853
239 -27.6852
240 -27.6851
241 -27.685
242 -27.6849
243 -27.6848
244 -27.6847
245 -27.6846
246 -27.6845
247 -27.6844
248 -27.6843
249 -27.6843
250 -27.6842
251 -27.6841
252 -27.684
253 -27.684
254 -27.6839
255 -27.6839
256 -27.6838
257 -27.6837
258 -27.6837
259 -27.6836
260 -27.6836
261 -27.6835
262 -27.6835
263 -27.6834
264 -27.6834
265 -27.6834
266 -27.6833
267 -27.6833
268 -27.6833
269 -27.6832
270 -27.6832
271 -27.6832
272 -27.6831
273 -27.6831
274 -27.6831
275 -27.683
276 -27.683
277 -27.683
278 -27.683
279 -27.683
280 -27.6829
281 -27.6829
282 -27.6829
283 -27.6829
284 -27.6829
285 -27.6828
286 -27.6828
287 -27.6828
288 -27.6828
289 -27.6828
290 -27.6828
291 -27.6828
292 -27.6827
293 -27.6827
294 -27.6827
295 -27.6827
296 -27.6827
297 -27.6827
298 -27.6827
299 -27.6827
300 -27.6827
