0 0 165.624
0 1 165.624
0 2 164.804
0 3 163.115
0 4 160.455
0 5 156.672
0 6 151.571
0 7 144.945
0 8 136.641
0 9 126.703
0 10 115.547
0 11 104.012
0 12 92.9937
0 13 83.1926
0 14 75.0637
0 15 68.8463
0 16 64.606
0 17 62.2554
0 18 61.5506
0 19 62.0833
0 20 63.3113
0 21 64.6891
0 22 65.8702
0 23 66.6957
0 24 67.1136
0 25 67.1136
0 26 66.6957
0 27 65.8702
0 28 64.6891
0 29 63.3113
0 30 62.0833
0 31 61.5506
0 32 62.2554
0 33 64.606
0 34 68.8463
0 35 75.0637
0 36 83.1926
0 37 92.9937
0 38 104.012
0 39 115.547
0 40 126.703
0 41 136.641
0 42 144.945
0 43 151.571
0 44 156.672
0 45 160.455
0 46 163.115
0 47 164.804
0 48 165.624
0 49 165.624

1 0 165.624
1 1 165.624
1 2 164.804
1 3 163.115
1 4 160.455
1 5 156.672
1 6 151.571
1 7 144.945
1 8 136.641
1 9 126.703
1 10 115.547
1 11 104.012
1 12 92.9937
1 13 83.1926
1 14 75.0637
1 15 68.8463
1 16 64.606
1 17 62.2554
1 18 61.5506
1 19 62.0833
1 20 63.3113
1 21 64.6891
1 22 65.8702
1 23 66.6957
1 24 67.1136
1 25 67.1136
1 26 66.6957
1 27 65.8702
1 28 64.6891
1 29 63.3113
1 30 62.0833
1 31 61.5506
1 32 62.2554
1 33 64.606
1 34 68.8463
1 35 75.0637
1 36 83.1926
1 37 92.9937
1 38 104.012
1 39 115.547
1 40 126.703
1 41 136.641
1 42 144.945
1 43 151.571
1 44 156.672
1 45 160.455
1 46 163.115
1 47 164.804
1 48 165.624
1 49 165.624

2 0 165.545
2 1 165.545
2 2 164.724
2 3 163.032
2 4 160.367
2 5 156.576
2 6 151.466
2 7 144.826
2 8 136.504
2 9 126.545
2 10 115.362
2 11 103.798
2 12 92.7461
2 13 82.9104
2 14 74.7462
2 15 68.4942
2 16 64.2213
2 17 61.8416
2 18 61.1126
2 19 61.626
2 20 62.839
2 21 64.2049
2 22 65.3765
2 23 66.1952
2 24 66.6096
2 25 66.6096
2 26 66.1952
2 27 65.3765
2 28 64.2049
2 29 62.839
2 30 61.626
2 31 61.1126
2 32 61.8416
2 33 64.2213
2 34 68.4942
2 35 74.7462
2 36 82.9104
2 37 92.7461
2 38 103.798
2 39 115.362
2 40 126.545
2 41 136.504
2 42 144.826
2 43 151.466
2 44 156.576
2 45 160.367
2 46 163.032
2 47 164.724
2 48 165.545
2 49 165.545

3 0 165.385
3 1 165.385
3 2 164.561
3 3 162.862
3 4 160.187
3 5 156.383
3 6 151.253
3 7 144.586
3 8 136.23
3 9 126.227
3 10 114.991
3 11 103.366
3 12 92.2487
3 13 82.3427
3 14 74.1064
3 15 67.7827
3 16 63.4416
3 17 61.0001
3 18 60.2183
3 19 60.689
3 20 61.8682
3 21 63.2067
3 22 64.3566
3 23 65.16
3 24 65.5665
3 25 65.5665
3 26 65.16
3 27 64.3566
3 28 63.2067
3 29 61.8682
3 30 60.689
3 31 60.2183
3 32 61.0001
3 33 63.4416
3 34 67.7827
3 35 74.1064
3 36 82.3427
3 37 92.2487
3 38 103.366
3 39 114.991
3 40 126.227
3 41 136.23
3 42 144.586
3 43 151.253
3 44 156.383
3 45 160.187
3 46 162.862
3 47 164.561
3 48 165.385
3 49 165.385

4 0 165.137
4 1 165.137
4 2 164.309
4 3 162.602
4 4 159.913
4 5 156.087
4 6 150.928
4 7 144.222
4 8 135.814
4 9 125.746
4 10 114.431
4 11 102.715
4 12 91.4969
4 13 81.4835
4 14 73.1353
4 15 66.6987
4 16 62.2476
4 17 59.7039
4 18 58.8322
4 19 59.2276
4 20 60.3454
4 21 61.6339
4 22 62.7444
4 23 63.5202
4 24 63.9123
4 25 63.9123
4 26 63.5202
4 27 62.7444
4 28 61.6339
4 29 60.3454
4 30 59.2276
4 31 58.8322
4 32 59.7039
4 33 62.2476
4 34 66.6987
4 35 73.1353
4 36 81.4835
4 37 91.4969
4 38 102.715
4 39 114.431
4 40 125.746
4 41 135.814
4 42 144.222
4 43 150.928
4 44 156.087
4 45 159.913
4 46 162.602
4 47 164.309
4 48 165.137
4 49 165.137

5 0 164.795
5 1 164.795
5 2 163.961
5 3 162.242
5 4 159.535
5 5 155.682
5 6 150.485
5 7 143.727
5 8 135.251
5 9 125.096
5 10 113.677
5 11 101.839
5 12 90.4856
5 13 80.3254
5 14 71.8221
5 15 65.2251
5 16 60.6135
5 17 57.9157
5 18 56.9029
5 19 57.1757
5 20 58.1907
5 21 59.3944
5 22 60.4385
5 23 61.1682
5 24 61.5368
5 25 61.5368
5 26 61.1682
5 27 60.4385
5 28 59.3944
5 29 58.1907
5 30 57.1757
5 31 56.9029
5 32 57.9157
5 33 60.6135
5 34 65.2251
5 35 71.8221
5 36 80.3254
5 37 90.4856
5 38 101.839
5 39 113.677
5 40 125.096
5 41 135.251
5 42 143.727
5 43 150.485
5 44 155.682
5 45 159.535
5 46 162.242
5 47 163.961
5 48 164.795
5 49 164.795

6 0 164.346
6 1 164.346
6 2 163.505
6 3 161.773
6 4 159.042
6 5 155.157
6 6 149.913
6 7 143.092
6 8 134.534
6 9 124.273
6 10 112.723
6 11 100.734
6 12 89.2097
6 13 78.8623
6 14 70.1568
6 15 63.3457
6 16 58.5125
6 17 55.5933
6 18 54.3692
6 19 54.4508
6 20 55.3007
6 21 56.3673
6 22 57.3051
6 23 57.9623
6 24 58.294
6 25 58.294
6 26 57.9623
6 27 57.3051
6 28 56.3673
6 29 55.3007
6 30 54.4508
6 31 54.3692
6 32 55.5933
6 33 58.5125
6 34 63.3457
6 35 70.1568
6 36 78.8623
6 37 89.2097
6 38 100.734
6 39 112.723
6 40 124.273
6 41 134.534
6 42 143.092
6 43 149.913
6 44 155.157
6 45 159.042
6 46 161.773
6 47 163.505
6 48 164.346
6 49 164.346

7 0 163.772
7 1 163.772
7 2 162.924
7 3 161.176
7 4 158.42
7 5 154.497
7 6 149.199
7 7 142.306
7 8 133.651
7 9 123.265
7 10 111.563
7 11 99.3946
7 12 87.6661
7 13 77.0911
7 14 68.135
7 15 61.0507
7 16 55.925
7 17 52.701
7 18 51.1729
7 19 50.9674
7 20 51.5629
7 21 52.4176
7 22 53.1931
7 23 53.7415
7 24 54.0189
7 25 54.0189
7 26 53.7415
7 27 53.1931
7 28 52.4176
7 29 51.5629
7 30 50.9674
7 31 51.1729
7 32 52.701
7 33 55.925
7 34 61.0507
7 35 68.135
7 36 77.0911
7 37 87.6661
7 38 99.3946
7 39 111.563
7 40 123.265
7 41 133.651
7 42 142.306
7 43 149.199
7 44 154.497
7 45 158.42
7 46 161.176
7 47 162.924
7 48 163.772
7 49 163.772

8 0 163.051
8 1 163.051
8 2 162.195
8 3 160.43
8 4 157.646
8 5 153.681
8 6 148.325
8 7 141.351
8 8 132.588
8 9 122.064
8 10 110.189
8 11 97.8167
8 12 85.8544
8 13 75.0153
8 14 65.7623
8 15 58.3455
8 16 52.8512
8 17 49.2276
8 18 47.2826
8 19 46.6672
8 20 46.8898
8 21 47.4344
8 22 47.9764
8 23 48.3711
8 24 48.5728
8 25 48.5728
8 26 48.3711
8 27 47.9764
8 28 47.4344
8 29 46.8898
8 30 46.6672
8 31 47.2826
8 32 49.2276
8 33 52.8512
8 34 58.3455
8 35 65.7623
8 36 75.0153
8 37 85.8544
8 38 97.8167
8 39 110.189
8 40 122.064
8 41 132.588
8 42 141.351
8 43 148.325
8 44 153.681
8 45 157.646
8 46 160.43
8 47 162.195
8 48 163.051
8 49 163.051

9 0 162.153
9 1 162.153
9 2 161.288
9 3 159.504
9 4 156.691
9 5 152.683
9 6 147.265
9 7 140.205
9 8 131.326
9 9 120.652
9 10 108.591
9 11 95.9965
9 12 83.7781
9 13 72.6463
9 14 63.0586
9 15 55.2581
9 16 49.3257
9 17 45.2099
9 18 42.7309
9 19 41.5705
9 20 41.2856
9 21 41.4094
9 22 41.6399
9 23 41.8331
9 24 41.9365
9 25 41.9365
9 26 41.8331
9 27 41.6399
9 28 41.4094
9 29 41.2856
9 30 41.5705
9 31 42.7309
9 32 45.2099
9 33 49.3257
9 34 55.2581
9 35 63.0586
9 36 72.6463
9 37 83.7781
9 38 95.9965
9 39 108.591
9 40 120.652
9 41 131.326
9 42 140.205
9 43 147.265
9 44 152.683
9 45 156.691
9 46 159.504
9 47 161.288
9 48 162.153
9 49 162.153

10 0 161.034
10 1 161.034
10 2 160.161
10 3 158.359
10 4 155.516
10 5 151.464
10 6 145.983
10 7 138.835
10 8 129.837
10 9 119.008
10 10 106.754
10 11 93.9286
10 12 81.4429
10 13 70.0031
10 14 60.0589
10 15 51.8428
10 16 45.4255
10 17 40.7514
10 18 37.6503
10 19 35.8374
10 20 34.9329
10 21 34.5436
10 22 34.3972
10 23 34.3486
10 24 34.3349
10 25 34.3349
10 26 34.3486
10 27 34.3972
10 28 34.5436
10 29 34.9329
10 30 35.8374
10 31 37.6503
10 32 40.7514
10 33 45.4255
10 34 51.8428
10 35 60.0589
10 36 70.0031
10 37 81.4429
10 38 93.9286
10 39 106.754
10 40 119.008
10 41 129.837
10 42 138.835
10 43 145.983
10 44 151.464
10 45 155.516
10 46 158.359
10 47 160.161
10 48 161.034
10 49 161.034

11 0 159.639
11 1 159.639
11 2 158.758
11 3 156.939
11 4 154.068
11 5 149.973
11 6 144.431
11 7 137.197
11 8 128.084
11 9 117.102
11 10 104.656
11 11 91.6037
11 12 78.8539
11 13 67.1091
11 14 56.8091
11 15 48.174
11 16 41.2627
11 17 36.014
11 18 32.2673
11 19 29.773
11 20 28.2167
11 21 27.2807
11 22 26.728
11 23 26.4166
11 24 26.275
11 25 26.275
11 26 26.4166
11 27 26.728
11 28 27.2807
11 29 28.2167
11 30 29.773
11 31 32.2673
11 32 36.014
11 33 41.2627
11 34 48.174
11 35 56.8091
11 36 67.1091
11 37 78.8539
11 38 91.6037
11 39 104.656
11 40 117.102
11 41 128.084
11 42 137.197
11 43 144.431
11 44 149.973
11 45 154.068
11 46 156.939
11 47 158.758
11 48 159.639
11 49 159.639

12 0 157.894
12 1 157.894
12 2 157.005
12 3 155.17
12 4 152.274
12 5 148.14
12 6 142.543
12 7 135.232
12 8 126.012
12 9 114.889
12 10 102.267
12 11 89.0045
12 12 76.0119
12 13 63.9864
12 14 53.3574
12 15 44.3322
12 16 36.9583
12 17 31.1708
12 18 26.82
12 19 23.6901
12 20 21.5243
12 21 20.0684
12 22 19.1216
12 23 18.551
12 24 18.282
12 25 18.282
12 26 18.551
12 27 19.1216
12 28 20.0684
12 29 21.5243
12 30 23.6901
12 31 26.82
12 32 31.1708
12 33 36.9583
12 34 44.3322
12 35 53.3574
12 36 63.9864
12 37 76.0119
12 38 89.0045
12 39 102.267
12 40 114.889
12 41 126.012
12 42 135.232
12 43 142.543
12 44 148.14
12 45 152.274
12 46 155.17
12 47 157.005
12 48 157.894
12 49 157.894

13 0 155.7
13 1 155.7
13 2 154.805
13 3 152.957
13 4 150.039
13 5 145.874
13 6 140.231
13 7 132.856
13 8 123.548
13 9 112.308
13 10 99.539
13 11 86.1023
13 12 72.9093
13 13 60.651
13 14 49.746
13 15 40.3889
13 16 32.6181
13 17 26.3667
13 18 21.497
13 19 17.8229
13 20 15.1336
13 21 13.2243
13 22 11.9264
13 23 11.1207
13 24 10.7346
13 25 10.7346
13 26 11.1207
13 27 11.9264
13 28 13.2243
13 29 15.1336
13 30 17.8229
13 31 21.497
13 32 26.3667
13 33 32.6181
13 34 40.3889
13 35 49.746
13 36 60.651
13 37 72.9093
13 38 86.1023
13 39 99.539
13 40 112.308
13 41 123.548
13 42 132.856
13 43 140.231
13 44 145.874
13 45 150.039
13 46 152.957
13 47 154.805
13 48 155.7
13 49 155.7

14 0 152.932
14 1 152.932
14 2 152.031
14 3 150.172
14 4 147.238
14 5 143.05
14 6 137.376
14 7 129.959
14 8 120.593
14 9 109.275
14 10 96.4073
14 11 82.8549
14 12 69.5279
14 13 57.1097
14 14 46.0064
14 15 36.4005
14 16 28.3223
14 17 21.7053
14 18 16.4231
14 19 12.3146
14 20 9.20449
14 21 6.92505
14 22 5.33519
14 23 4.33047
14 24 3.84415
14 25 3.84415
14 26 4.33047
14 27 5.33519
14 28 6.92505
14 29 9.20449
14 30 12.3146
14 31 16.4231
14 32 21.7053
14 33 28.3223
14 34 36.4005
14 35 46.0064
14 36 57.1097
14 37 69.5279
14 38 82.8549
14 39 96.4073
14 40 109.275
14 41 120.593
14 42 129.959
14 43 137.376
14 44 143.05
14 45 147.238
14 46 150.172
14 47 152.031
14 48 152.932
14 49 152.932

15 0 149.432
15 1 149.432
15 2 148.527
15 3 146.659
15 4 143.714
15 5 139.514
15 6 133.828
15 7 126.398
15 8 117.018
15 9 105.681
15 10 92.7885
15 11 79.2069
15 12 65.8413
15 13 53.3625
15 14 42.1617
15 15 32.409
15 16 24.1277
15 17 17.2532
15 18 11.6702
15 19 7.2384
15 20 3.80994
15 21 1.24542
15 22 -0.573556
15 23 -1.73697
15 24 -2.3041
15 25 -2.3041
15 26 -1.73697
15 27 -0.573556
15 28 1.24542
15 29 3.80994
15 30 7.2384
15 31 11.6702
15 32 17.2532
15 33 24.1277
15 34 32.409
15 35 42.1617
15 36 53.3625
15 37 65.8413
15 38 79.2069
15 39 92.7885
15 40 105.681
15 41 117.018
15 42 126.398
15 43 133.828
15 44 139.514
15 45 143.714
15 46 146.659
15 47 148.527
15 48 149.432
15 49 149.432

16 0 145.018
16 1 145.018
16 2 144.109
16 3 142.235
16 4 139.283
16 5 135.083
16 6 129.407
16 7 122.004
16 8 112.67
16 9 101.399
16 10 88.5874
16 11 75.0985
16 12 61.8228
16 13 49.4105
16 14 38.2338
16 15 28.4496
16 16 20.0766
16 17 13.0537
16 18 7.27727
16 19 2.62513
16 20 -1.02817
16 21 -3.7995
16 22 -5.78839
16 23 -7.0715
16 24 -7.70023
16 25 -7.70023
16 26 -7.0715
16 27 -5.78839
16 28 -3.7995
16 29 -1.02817
16 30 2.62513
16 31 7.27727
16 32 13.0537
16 33 20.0766
16 34 28.4496
16 35 38.2338
16 36 49.4105
16 37 61.8228
16 38 75.0985
16 39 88.5874
16 40 101.399
16 41 112.67
16 42 122.004
16 43 129.407
16 44 135.083
16 45 139.283
16 46 142.235
16 47 144.109
16 48 145.018
16 49 145.018

17 0 139.515
17 1 139.515
17 2 138.6
17 3 136.719
17 4 133.764
17 5 129.574
17 6 123.934
17 7 116.605
17 8 107.395
17 9 96.3026
17 10 83.7187
17 11 70.486
17 12 57.464
17 13 45.271
17 14 34.2551
17 15 24.5617
17 16 16.2079
17 17 9.13978
17 18 3.26698
17 19 -1.51524
17 20 -5.31275
17 21 -8.22337
17 22 -10.3304
17 23 -11.6986
17 24 -12.3717
17 25 -12.3717
17 26 -11.6986
17 27 -10.3304
17 28 -8.22337
17 29 -5.31275
17 30 -1.51524
17 31 3.26698
17 32 9.13978
17 33 16.2079
17 34 24.5617
17 35 34.2551
17 36 45.271
17 37 57.464
17 38 70.486
17 39 83.7187
17 40 96.3026
17 41 107.395
17 42 116.605
17 43 123.934
17 44 129.574
17 45 133.764
17 46 136.719
17 47 138.6
17 48 139.515
17 49 139.515

18 0 132.819
18 1 132.819
18 2 131.897
18 3 130.006
18 4 127.048
18 5 122.875
18 6 117.293
18 7 110.09
18 8 101.098
18 9 90.3275
18 10 78.1562
18 11 65.3816
18 12 52.805
18 13 40.9986
18 14 30.2845
18 15 20.8002
18 16 12.5678
18 17 5.54515
18 18 -0.341642
18 19 -5.17916
18 20 -9.05485
18 21 -12.0495
18 22 -14.2321
18 23 -15.6565
18 24 -16.3594
18 25 -16.3594
18 26 -15.6565
18 27 -14.2321
18 28 -12.0495
18 29 -9.05485
18 30 -5.17916
18 31 -0.341642
18 32 5.54515
18 33 12.5678
18 34 20.8002
18 35 30.2845
18 36 40.9986
18 37 52.805
18 38 65.3816
18 39 78.1562
18 40 90.3275
18 41 101.098
18 42 110.09
18 43 117.293
18 44 122.875
18 45 127.048
18 46 130.006
18 47 131.897
18 48 132.819
18 49 132.819

19 0 125.033
19 1 125.033
19 2 124.101
19 3 122.196
19 4 119.232
19 5 115.08
19 6 109.578
19 7 102.549
19 8 93.8684
19 9 83.573
19 10 72.0175
19 11 59.9138
19 12 47.9731
19 13 36.7092
19 14 26.4208
19 15 17.2451
19 16 9.21645
19 17 2.31082
19 18 -3.52608
19 19 -8.36141
19 20 -12.2646
19 21 -15.3007
19 22 -17.5257
19 23 -18.9837
19 24 -19.705
19 25 -19.705
19 26 -18.9837
19 27 -17.5257
19 28 -15.3007
19 29 -12.2646
19 30 -8.36141
19 31 -3.52608
19 32 2.31082
19 33 9.21645
19 34 17.2451
19 35 26.4208
19 36 36.7092
19 37 47.9731
19 38 59.9138
19 39 72.0175
19 40 83.573
19 41 93.8684
19 42 102.549
19 43 109.578
19 44 115.08
19 45 119.232
19 46 122.196
19 47 124.101
19 48 125.033
19 49 125.033

20 0 116.634
20 1 116.634
20 2 115.691
20 3 113.769
20 4 110.796
20 5 106.67
20 6 101.262
20 7 94.4452
20 8 86.1484
20 9 76.4451
20 10 65.6617
20 11 54.3848
20 12 43.2114
20 13 32.5926
20 14 22.8085
20 15 14.0032
20 16 6.23013
20 17 -0.512696
20 18 -6.25762
20 19 -11.0518
20 20 -14.9474
20 21 -17.9947
20 22 -20.2382
20 23 -21.7133
20 24 -22.4445
20 25 -22.4445
20 26 -21.7133
20 27 -20.2382
20 28 -17.9947
20 29 -14.9474
20 30 -11.0518
20 31 -6.25762
20 32 -0.512696
20 33 6.23013
20 34 14.0032
20 35 22.8085
20 36 32.5926
20 37 43.2114
20 38 54.3848
20 39 65.6617
20 40 76.4451
20 41 86.1484
20 42 94.4452
20 43 101.262
20 44 106.67
20 45 110.796
20 46 113.769
20 47 115.691
20 48 116.634
20 49 116.634

21 0 108.514
21 1 108.514
21 2 107.56
21 3 105.623
21 4 102.647
21 5 98.5525
21 6 93.2503
21 7 86.6637
21 8 78.7738
21 9 69.6857
21 10 59.6908
21 11 49.2541
21 12 38.8593
21 13 28.8952
21 14 19.6247
21 15 11.2006
21 16 3.69605
21 17 -2.86801
21 18 -8.50241
21 19 -13.2354
21 20 -17.1032
21 21 -20.1432
21 22 -22.3898
21 23 -23.871
21 24 -24.6065
21 25 -24.6065
21 26 -23.871
21 27 -22.3898
21 28 -20.1432
21 29 -17.1032
21 30 -13.2354
21 31 -8.50241
21 32 -2.86801
21 33 3.69605
21 34 11.2006
21 35 19.6247
21 36 28.8952
21 37 38.8593
21 38 49.2541
21 39 59.6908
21 40 69.6857
21 41 78.7738
21 42 86.6637
21 43 93.2503
21 44 98.5525
21 45 102.647
21 46 105.623
21 47 107.56
21 48 108.514
21 49 108.514

22 0 101.602
22 1 101.602
22 2 100.64
22 3 98.6938
22 4 95.7204
22 5 91.6637
22 6 86.4673
22 7 80.0966
22 8 72.5744
22 9 64.0248
22 10 54.7056
22 11 44.988
22 12 35.2646
22 13 25.8704
22 14 17.0509
22 15 8.9649
22 16 1.70215
22 17 -4.69707
22 18 -10.2252
22 19 -14.8945
22 20 -18.728
22 21 -21.7525
22 22 -23.9943
22 23 -25.4754
22 24 -26.2119
22 25 -26.2119
22 26 -25.4754
22 27 -23.9943
22 28 -21.7525
22 29 -18.728
22 30 -14.8945
22 31 -10.2252
22 32 -4.69707
22 33 1.70215
22 34 8.9649
22 35 17.0509
22 36 25.8704
22 37 35.2646
22 38 44.988
22 39 54.7056
22 40 64.0248
22 41 72.5744
22 42 80.0966
22 43 86.4673
22 44 91.6637
22 45 95.7204
22 46 98.6938
22 47 100.64
22 48 101.602
22 49 101.602

23 0 96.6204
23 1 96.6204
23 2 95.654
23 3 93.7034
23 4 90.7364
23 5 86.714
23 6 81.6037
23 7 75.3999
23 8 68.1522
23 9 59.9936
23 10 51.1564
23 11 41.9518
23 12 32.7113
23 13 23.7311
23 14 15.2425
23 15 7.40706
23 16 0.325419
23 17 -5.94853
23 18 -11.394
23 19 -16.012
23 20 -19.8159
23 21 -22.8251
23 22 -25.0601
23 23 -26.539
23 24 -27.2749
23 25 -27.2749
23 26 -26.539
23 27 -25.0601
23 28 -22.8251
23 29 -19.8159
23 30 -16.012
23 31 -11.394
23 32 -5.94853
23 33 0.325419
23 34 7.40706
23 35 15.2425
23 36 23.7311
23 37 32.7113
23 38 41.9518
23 39 51.1564
23 40 59.9936
23 41 68.1522
23 42 75.3999
23 43 81.6037
23 44 86.714
23 45 90.7364
23 46 93.7034
23 47 95.654
23 48 96.6204
23 49 96.6204

24 0 94.0233
24 1 94.0233
24 2 93.0549
24 3 91.1031
24 4 88.1412
24 5 84.1394
24 6 79.0773
24 7 72.9643
24 8 65.8622
24 9 57.9074
24 10 49.3188
24 11 40.3786
24 12 31.3884
24 13 22.6245
24 14 14.31
24 15 6.60729
24 16 -0.377756
24 17 -6.58433
24 18 -11.9849
24 19 -16.5744
24 20 -20.3614
24 21 -23.3614
24 22 -25.592
24 23 -27.069
24 24 -27.8044
24 25 -27.8044
24 26 -27.069
24 27 -25.592
24 28 -23.3614
24 29 -20.3614
24 30 -16.5744
24 31 -11.9849
24 32 -6.58433
24 33 -0.377756
24 34 6.60729
24 35 14.31
24 36 22.6245
24 37 31.3884
24 38 40.3786
24 39 49.3188
24 40 57.9074
24 41 65.8622
24 42 72.9643
24 43 79.0773
24 44 84.1394
24 45 88.1412
24 46 91.1031
24 47 93.0549
24 48 94.0233
24 49 94.0233

25 0 94.0233
25 1 94.0233
25 2 93.0549
25 3 91.1031
25 4 88.1412
25 5 84.1394
25 6 79.0773
25 7 72.9643
25 8 65.8622
25 9 57.9074
25 10 49.3188
25 11 40.3786
25 12 31.3884
25 13 22.6245
25 14 14.31
25 15 6.60729
25 16 -0.377756
25 17 -6.58433
25 18 -11.9849
25 19 -16.5744
25 20 -20.3614
25 21 -23.3614
25 22 -25.592
25 23 -27.069
25 24 -27.8044
25 25 -27.8044
25 26 -27.069
25 27 -25.592
25 28 -23.3614
25 29 -20.3614
25 30 -16.5744
25 31 -11.9849
25 32 -6.58433
25 33 -0.377756
25 34 6.60729
25 35 14.31
25 36 22.6245
25 37 31.3884
25 38 40.3786
25 39 49.3188
25 40 57.9074
25 41 65.8622
25 42 72.9643
25 43 79.0773
25 44 84.1394
25 45 88.1412
25 46 91.1031
25 47 93.0549
25 48 94.0233
25 49 94.0233

26 0 96.6204
26 1 96.6204
26 2 95.654
26 3 93.7034
26 4 90.7364
26 5 86.714
26 6 81.6037
26 7 75.3999
26 8 68.1522
26 9 59.9936
26 10 51.1564
26 11 41.9518
26 12 32.7113
26 13 23.7311
26 14 15.2425
26 15 7.40706
26 16 0.325419
26 17 -5.94853
26 18 -11.394
26 19 -16.012
26 20 -19.8159
26 21 -22.8251
26 22 -25.0601
26 23 -26.539
26 24 -27.2749
26 25 -27.2749
26 26 -26.539
26 27 -25.0601
26 28 -22.8251
26 29 -19.8159
26 30 -16.012
26 31 -11.394
26 32 -5.94853
26 33 0.325419
26 34 7.40706
26 35 15.2425
26 36 23.7311
26 37 32.7113
26 38 41.9518
26 39 51.1564
26 40 59.9936
26 41 68.1522
26 42 75.3999
26 43 81.6037
26 44 86.714
26 45 90.7364
26 46 93.7034
26 47 95.654
26 48 96.6204
26 49 96.6204

27 0 101.602
27 1 101.602
27 2 100.64
27 3 98.6938
27 4 95.7204
27 5 91.6637
27 6 86.4673
27 7 80.0966
27 8 72.5744
27 9 64.0248
27 10 54.7056
27 11 44.988
27 12 35.2646
27 13 25.8704
27 14 17.0509
27 15 8.9649
27 16 1.70215
27 17 -4.69707
27 18 -10.2252
27 19 -14.8945
27 20 -18.728
27 21 -21.7525
27 22 -23.9943
27 23 -25.4754
27 24 -26.2119
27 25 -26.2119
27 26 -25.4754
27 27 -23.9943
27 28 -21.7525
27 29 -18.728
27 30 -14.8945
27 31 -10.2252
27 32 -4.69707
27 33 1.70215
27 34 8.9649
27 35 17.0509
27 36 25.8704
27 37 35.2646
27 38 44.988
27 39 54.7056
27 40 64.0248
27 41 72.5744
27 42 80.0966
27 43 86.4673
27 44 91.6637
27 45 95.7204
27 46 98.6938
27 47 100.64
27 48 101.602
27 49 101.602

28 0 108.514
28 1 108.514
28 2 107.56
28 3 105.623
28 4 102.647
28 5 98.5525
28 6 93.2503
28 7 86.6637
28 8 78.7738
28 9 69.6857
28 10 59.6908
28 11 49.2541
28 12 38.8593
28 13 28.8952
28 14 19.6247
28 15 11.2006
28 16 3.69605
28 17 -2.86801
28 18 -8.50241
28 19 -13.2354
28 20 -17.1032
28 21 -20.1432
28 22 -22.3898
28 23 -23.871
28 24 -24.6065
28 25 -24.6065
28 26 -23.871
28 27 -22.3898
28 28 -20.1432
28 29 -17.1032
28 30 -13.2354
28 31 -8.50241
28 32 -2.86801
28 33 3.69605
28 34 11.2006
28 35 19.6247
28 36 28.8952
28 37 38.8593
28 38 49.2541
28 39 59.6908
28 40 69.6857
28 41 78.7738
28 42 86.6637
28 43 93.2503
28 44 98.5525
28 45 102.647
28 46 105.623
28 47 107.56
28 48 108.514
28 49 108.514

29 0 116.634
29 1 116.634
29 2 115.691
29 3 113.769
29 4 110.796
29 5 106.67
29 6 101.262
29 7 94.4452
29 8 86.1484
29 9 76.4451
29 10 65.6617
29 11 54.3848
29 12 43.2114
29 13 32.5926
29 14 22.8085
29 15 14.0032
29 16 6.23013
29 17 -0.512696
29 18 -6.25762
29 19 -11.0518
29 20 -14.9474
29 21 -17.9947
29 22 -20.2382
29 23 -21.7133
29 24 -22.4445
29 25 -22.4445
29 26 -21.7133
29 27 -20.2382
29 28 -17.9947
29 29 -14.9474
29 30 -11.0518
29 31 -6.25762
29 32 -0.512696
29 33 6.23013
29 34 14.0032
29 35 22.8085
29 36 32.5926
29 37 43.2114
29 38 54.3848
29 39 65.6617
29 40 76.4451
29 41 86.1484
29 42 94.4452
29 43 101.262
29 44 106.67
29 45 110.796
29 46 113.769
29 47 115.691
29 48 116.634
29 49 116.634

30 0 125.033
30 1 125.033
30 2 124.101
30 3 122.196
30 4 119.232
30 5 115.08
30 6 109.578
30 7 102.549
30 8 93.8684
30 9 83.573
30 10 72.0175
30 11 59.9138
30 12 47.9731
30 13 36.7092
30 14 26.4208
30 15 17.2451
30 16 9.21645
30 17 2.31082
30 18 -3.52608
30 19 -8.36141
30 20 -12.2646
30 21 -15.3007
30 22 -17.5257
30 23 -18.9837
30 24 -19.705
30 25 -19.705
30 26 -18.9837
30 27 -17.5257
30 28 -15.3007
30 29 -12.2646
30 30 -8.36141
30 31 -3.52608
30 32 2.31082
30 33 9.21645
30 34 17.2451
30 35 26.4208
30 36 36.7092
30 37 47.9731
30 38 59.9138
30 39 72.0175
30 40 83.573
30 41 93.8684
30 42 102.549
30 43 109.578
30 44 115.08
30 45 119.232
30 46 122.196
30 47 124.101
30 48 125.033
30 49 125.033

31 0 132.819
31 1 132.819
31 2 131.897
31 3 130.006
31 4 127.048
31 5 122.875
31 6 117.293
31 7 110.09
31 8 101.098
31 9 90.3275
31 10 78.1562
31 11 65.3816
31 12 52.805
31 13 40.9986
31 14 30.2845
31 15 20.8002
31 16 12.5678
31 17 5.54515
31 18 -0.341642
31 19 -5.17916
31 20 -9.05485
31 21 -12.0495
31 22 -14.2321
31 23 -15.6565
31 24 -16.3594
31 25 -16.3594
31 26 -15.6565
31 27 -14.2321
31 28 -12.0495
31 29 -9.05485
31 30 -5.17916
31 31 -0.341642
31 32 5.54515
31 33 12.5678
31 34 20.8002
31 35 30.2845
31 36 40.9986
31 37 52.805
31 38 65.3816
31 39 78.1562
31 40 90.3275
31 41 101.098
31 42 110.09
31 43 117.293
31 44 122.875
31 45 127.048
31 46 130.006
31 47 131.897
31 48 132.819
31 49 132.819

32 0 139.515
32 1 139.515
32 2 138.6
32 3 136.719
32 4 133.764
32 5 129.574
32 6 123.934
32 7 116.605
32 8 107.395
32 9 96.3026
32 10 83.7187
32 11 70.486
32 12 57.464
32 13 45.271
32 14 34.2551
32 15 24.5617
32 16 16.2079
32 17 9.13978
32 18 3.26698
32 19 -1.51524
32 20 -5.31275
32 21 -8.22337
32 22 -10.3304
32 23 -11.6986
32 24 -12.3717
32 25 -12.3717
32 26 -11.6986
32 27 -10.3304
32 28 -8.22337
32 29 -5.31275
32 30 -1.51524
32 31 3.26698
32 32 9.13978
32 33 16.2079
32 34 24.5617
32 35 34.2551
32 36 45.271
32 37 57.464
32 38 70.486
32 39 83.7187
32 40 96.3026
32 41 107.395
32 42 116.605
32 43 123.934
32 44 129.574
32 45 133.764
32 46 136.719
32 47 138.6
32 48 139.515
32 49 139.515

33 0 145.018
33 1 145.018
33 2 144.109
33 3 142.235
33 4 139.283
33 5 135.083
33 6 129.407
33 7 122.004
33 8 112.67
33 9 101.399
33 10 88.5874
33 11 75.0985
33 12 61.8228
33 13 49.4105
33 14 38.2338
33 15 28.4496
33 16 20.0766
33 17 13.0537
33 18 7.27727
33 19 2.62513
33 20 -1.02817
33 21 -3.7995
33 22 -5.78839
33 23 -7.0715
33 24 -7.70023
33 25 -7.70023
33 26 -7.0715
33 27 -5.78839
33 28 -3.7995
33 29 -1.02817
33 30 2.62513
33 31 7.27727
33 32 13.0537
33 33 20.0766
33 34 28.4496
33 35 38.2338
33 36 49.4105
33 37 61.8228
33 38 75.0985
33 39 88.5874
33 40 101.399
33 41 112.67
33 42 122.004
33 43 129.407
33 44 135.083
33 45 139.283
33 46 142.235
33 47 144.109
33 48 145.018
33 49 145.018

34 0 149.432
34 1 149.432
34 2 148.527
34 3 146.659
34 4 143.714
34 5 139.514
34 6 133.828
34 7 126.398
34 8 117.018
34 9 105.681
34 10 92.7885
34 11 79.2069
34 12 65.8413
34 13 53.3625
34 14 42.1617
34 15 32.409
34 16 24.1277
34 17 17.2532
34 18 11.6702
34 19 7.2384
34 20 3.80994
34 21 1.24542
34 22 -0.573556
34 23 -1.73697
34 24 -2.3041
34 25 -2.3041
34 26 -1.73697
34 27 -0.573556
34 28 1.24542
34 29 3.80994
34 30 7.2384
34 31 11.6702
34 32 17.2532
34 33 24.1277
34 34 32.409
34 35 42.1617
34 36 53.3625
34 37 65.8413
34 38 79.2069
34 39 92.7885
34 40 105.681
34 41 117.018
34 42 126.398
34 43 133.828
34 44 139.514
34 45 143.714
34 46 146.659
34 47 148.527
34 48 149.432
34 49 149.432

35 0 152.932
35 1 152.932
35 2 152.031
35 3 150.172
35 4 147.238
35 5 143.05
35 6 137.376
35 7 129.959
35 8 120.593
35 9 109.275
35 10 96.4073
35 11 82.8549
35 12 69.5279
35 13 57.1097
35 14 46.0064
35 15 36.4005
35 16 28.3223
35 17 21.7053
35 18 16.4231
35 19 12.3146
35 20 9.20449
35 21 6.92505
35 22 5.33519
35 23 4.33047
35 24 3.84415
35 25 3.84415
35 26 4.33047
35 27 5.33519
35 28 6.92505
35 29 9.20449
35 30 12.3146
35 31 16.4231
35 32 21.7053
35 33 28.3223
35 34 36.4005
35 35 46.0064
35 36 57.1097
35 37 69.5279
35 38 82.8549
35 39 96.4073
35 40 109.275
35 41 120.593
35 42 129.959
35 43 137.376
35 44 143.05
35 45 147.238
35 46 150.172
35 47 152.031
35 48 152.932
35 49 152.932

36 0 155.7
36 1 155.7
36 2 154.805
36 3 152.957
36 4 150.039
36 5 145.874
36 6 140.231
36 7 132.856
36 8 123.548
36 9 112.308
36 10 99.539
36 11 86.1023
36 12 72.9093
36 13 60.651
36 14 49.746
36 15 40.3889
36 16 32.6181
36 17 26.3667
36 18 21.497
36 19 17.8229
36 20 15.1336
36 21 13.2243
36 22 11.9264
36 23 11.1207
36 24 10.7346
36 25 10.7346
36 26 11.1207
36 27 11.9264
36 28 13.2243
36 29 15.1336
36 30 17.8229
36 31 21.497
36 32 26.3667
36 33 32.6181
36 34 40.3889
36 35 49.746
36 36 60.651
36 37 72.9093
36 38 86.1023
36 39 99.539
36 40 112.308
36 41 123.548
36 42 132.856
36 43 140.231
36 44 145.874
36 45 150.039
36 46 152.957
36 47 154.805
36 48 155.7
36 49 155.7

37 0 157.894
37 1 157.894
37 2 157.005
37 3 155.17
37 4 152.274
37 5 148.14
37 6 142.543
37 7 135.232
37 8 126.012
37 9 114.889
37 10 102.267
37 11 89.0045
37 12 76.0119
37 13 63.9864
37 14 53.3574
37 15 44.3322
37 16 36.9583
37 17 31.1708
37 18 26.82
37 19 23.6901
37 20 21.5243
37 21 20.0684
37 22 19.1216
37 23 18.551
37 24 18.282
37 25 18.282
37 26 18.551
37 27 19.1216
37 28 20.0684
37 29 21.5243
37 30 23.6901
37 31 26.82
37 32 31.1708
37 33 36.9583
37 34 44.3322
37 35 53.3574
37 36 63.9864
37 37 76.0119
37 38 89.0045
37 39 102.267
37 40 114.889
37 41 126.012
37 42 135.232
37 43 142.543
37 44 148.14
37 45 152.274
37 46 155.17
37 47 157.005
37 48 157.894
37 49 157.894

38 0 159.639
38 1 159.639
38 2 158.758
38 3 156.939
38 4 154.068
38 5 149.973
38 6 144.431
38 7 137.197
38 8 128.084
38 9 117.102
38 10 104.656
38 11 91.6037
38 12 78.8539
38 13 67.1091
38 14 56.8091
38 15 48.174
38 16 41.2627
38 17 36.014
38 18 32.2673
38 19 29.773
38 20 28.2167
38 21 27.2807
38 22 26.728
38 23 26.4166
38 24 26.275
38 25 26.275
38 26 26.4166
38 27 26.728
38 28 27.2807
38 29 28.2167
38 30 29.773
38 31 32.2673
38 32 36.014
38 33 41.2627
38 34 48.174
38 35 56.8091
38 36 67.1091
38 37 78.8539
38 38 91.6037
38 39 104.656
38 40 117.102
38 41 128.084
38 42 137.197
38 43 144.431
38 44 149.973
38 45 154.068
38 46 156.939
38 47 158.758
38 48 159.639
38 49 159.639

39 0 161.034
39 1 161.034
39 2 160.161
39 3 158.359
39 4 155.516
39 5 151.464
39 6 145.983
39 7 138.835
39 8 129.837
39 9 119.008
39 10 106.754
39 11 93.9286
39 12 81.4429
39 13 70.0031
39 14 60.0589
39 15 51.8428
39 16 45.4255
39 17 40.7514
39 18 37.6503
39 19 35.8374
39 20 34.9329
39 21 34.5436
39 22 34.3972
39 23 34.3486
39 24 34.3349
39 25 34.3349
39 26 34.3486
39 27 34.3972
39 28 34.5436
39 29 34.9329
39 30 35.8374
39 31 37.6503
39 32 40.7514
39 33 45.4255
39 34 51.8428
39 35 60.0589
39 36 70.0031
39 37 81.4429
39 38 93.9286
39 39 106.754
39 40 119.008
39 41 129.837
39 42 138.835
39 43 145.983
39 44 151.464
39 45 155.516
39 46 158.359
39 47 160.161
39 48 161.034
39 49 161.034

40 0 162.153
40 1 162.153
40 2 161.288
40 3 159.504
40 4 156.691
40 5 152.683
40 6 147.265
40 7 140.205
40 8 131.326
40 9 120.652
40 10 108.591
40 11 95.9965
40 12 83.7781
40 13 72.6463
40 14 63.0586
40 15 55.2581
40 16 49.3257
40 17 45.2099
40 18 42.7309
40 19 41.5705
40 20 41.2856
40 21 41.4094
40 22 41.6399
40 23 41.8331
40 24 41.9365
40 25 41.9365
40 26 41.8331
40 27 41.6399
40 28 41.4094
40 29 41.2856
40 30 41.5705
40 31 42.7309
40 32 45.2099
40 33 49.3257
40 34 55.2581
40 35 63.0586
40 36 72.6463
40 37 83.7781
40 38 95.9965
40 39 108.591
40 40 120.652
40 41 131.326
40 42 140.205
40 43 147.265
40 44 152.683
40 45 156.691
40 46 159.504
40 47 161.288
40 48 162.153
40 49 162.153

41 0 163.051
41 1 163.051
41 2 162.195
41 3 160.43
41 4 157.646
41 5 153.681
41 6 148.325
41 7 141.351
41 8 132.588
41 9 122.064
41 10 110.189
41 11 97.8167
41 12 85.8544
41 13 75.0153
41 14 65.7623
41 15 58.3455
41 16 52.8512
41 17 49.2276
41 18 47.2826
41 19 46.6672
41 20 46.8898
41 21 47.4344
41 22 47.9764
41 23 48.3711
41 24 48.5728
41 25 48.5728
41 26 48.3711
41 27 47.9764
41 28 47.4344
41 29 46.8898
41 30 46.6672
41 31 47.2826
41 32 49.2276
41 33 52.8512
41 34 58.3455
41 35 65.7623
41 36 75.0153
41 37 85.8544
41 38 97.8167
41 39 110.189
41 40 122.064
41 41 132.588
41 42 141.351
41 43 148.325
41 44 153.681
41 45 157.646
41 46 160.43
41 47 162.195
41 48 163.051
41 49 163.051

42 0 163.772
42 1 163.772
42 2 162.924
42 3 161.176
42 4 158.42
42 5 154.497
42 6 149.199
42 7 142.306
42 8 133.651
42 9 123.265
42 10 111.563
42 11 99.3946
42 12 87.6661
42 13 77.0911
42 14 68.135
42 15 61.0507
42 16 55.925
42 17 52.701
42 18 51.1729
42 19 50.9674
42 20 51.5629
42 21 52.4176
42 22 53.1931
42 23 53.7415
42 24 54.0189
42 25 54.0189
42 26 53.7415
42 27 53.1931
42 28 52.4176
42 29 51.5629
42 30 50.9674
42 31 51.1729
42 32 52.701
42 33 55.925
42 34 61.0507
42 35 68.135
42 36 77.0911
42 37 87.6661
42 38 99.3946
42 39 111.563
42 40 123.265
42 41 133.651
42 42 142.306
42 43 149.199
42 44 154.497
42 45 158.42
42 46 161.176
42 47 162.924
42 48 163.772
42 49 163.772

43 0 164.346
43 1 164.346
43 2 163.505
43 3 161.773
43 4 159.042
43 5 155.157
43 6 149.913
43 7 143.092
43 8 134.534
43 9 124.273
43 10 112.723
43 11 100.734
43 12 89.2097
43 13 78.8623
43 14 70.1568
43 15 63.3457
43 16 58.5125
43 17 55.5933
43 18 54.3692
43 19 54.4508
43 20 55.3007
43 21 56.3673
43 22 57.3051
43 23 57.9623
43 24 58.294
43 25 58.294
43 26 57.9623
43 27 57.3051
43 28 56.3673
43 29 55.3007
43 30 54.4508
43 31 54.3692
43 32 55.5933
43 33 58.5125
43 34 63.3457
43 35 70.1568
43 36 78.8623
43 37 89.2097
43 38 100.734
43 39 112.723
43 40 124.273
43 41 134.534
43 42 143.092
43 43 149.913
43 44 155.157
43 45 159.042
43 46 161.773
43 47 163.505
43 48 164.346
43 49 164.346

44 0 164.795
44 1 164.795
44 2 163.961
44 3 162.242
44 4 159.535
44 5 155.682
44 6 150.485
44 7 143.727
44 8 135.251
44 9 125.096
44 10 113.677
44 11 101.839
44 12 90.4856
44 13 80.3254
44 14 71.8221
44 15 65.2251
44 16 60.6135
44 17 57.9157
44 18 56.9029
44 19 57.1757
44 20 58.1907
44 21 59.3944
44 22 60.4385
44 23 61.1682
44 24 61.5368
44 25 61.5368
44 26 61.1682
44 27 60.4385
44 28 59.3944
44 29 58.1907
44 30 57.1757
44 31 56.9029
44 32 57.9157
44 33 60.6135
44 34 65.2251
44 35 71.8221
44 36 80.3254
44 37 90.4856
44 38 101.839
44 39 113.677
44 40 125.096
44 41 135.251
44 42 143.727
44 43 150.485
44 44 155.682
44 45 159.535
44 46 162.242
44 47 163.961
44 48 164.795
44 49 164.795

45 0 165.137
45 1 165.137
45 2 164.309
45 3 162.602
45 4 159.913
45 5 156.087
45 6 150.928
45 7 144.222
45 8 135.814
45 9 125.746
45 10 114.431
45 11 102.715
45 12 91.4969
45 13 81.4835
45 14 73.1353
45 15 66.6987
45 16 62.2476
45 17 59.7039
45 18 58.8322
45 19 59.2276
45 20 60.3454
45 21 61.6339
45 22 62.7444
45 23 63.5202
45 24 63.9123
45 25 63.9123
45 26 63.5202
45 27 62.7444
45 28 61.6339
45 29 60.3454
45 30 59.2276
45 31 58.8322
45 32 59.7039
45 33 62.2476
45 34 66.6987
45 35 73.1353
45 36 81.4835
45 37 91.4969
45 38 102.715
45 39 114.431
45 40 125.746
45 41 135.814
45 42 144.222
45 43 150.928
45 44 156.087
45 45 159.913
45 46 162.602
45 47 164.309
45 48 165.137
45 49 165.137

46 0 165.385
46 1 165.385
46 2 164.561
46 3 162.862
46 4 160.187
46 5 156.383
46 6 151.253
46 7 144.586
46 8 136.23
46 9 126.227
46 10 114.991
46 11 103.366
46 12 92.2487
46 13 82.3427
46 14 74.1064
46 15 67.7827
46 16 63.4416
46 17 61.0001
46 18 60.2183
46 19 60.689
46 20 61.8682
46 21 63.2067
46 22 64.3566
46 23 65.16
46 24 65.5665
46 25 65.5665
46 26 65.16
46 27 64.3566
46 28 63.2067
46 29 61.8682
46 30 60.689
46 31 60.2183
46 32 61.0001
46 33 63.4416
46 34 67.7827
46 35 74.1064
46 36 82.3427
46 37 92.2487
46 38 103.366
46 39 114.991
46 40 126.227
46 41 136.23
46 42 144.586
46 43 151.253
46 44 156.383
46 45 160.187
46 46 162.862
46 47 164.561
46 48 165.385
46 49 165.385

47 0 165.545
47 1 165.545
47 2 164.724
47 3 163.032
47 4 160.367
47 5 156.576
47 6 151.466
47 7 144.826
47 8 136.504
47 9 126.545
47 10 115.362
47 11 103.798
47 12 92.7461
47 13 82.9104
47 14 74.7462
47 15 68.4942
47 16 64.2213
47 17 61.8416
47 18 61.1126
47 19 61.626
47 20 62.839
47 21 64.2049
47 22 65.3765
47 23 66.1952
47 24 66.6096
47 25 66.6096
47 26 66.1952
47 27 65.3765
47 28 64.2049
47 29 62.839
47 30 61.626
47 31 61.1126
47 32 61.8416
47 33 64.2213
47 34 68.4942
47 35 74.7462
47 36 82.9104
47 37 92.7461
47 38 103.798
47 39 115.362
47 40 126.545
47 41 136.504
47 42 144.826
47 43 151.466
47 44 156.576
47 45 160.367
47 46 163.032
47 47 164.724
47 48 165.545
47 49 165.545

48 0 165.624
48 1 165.624
48 2 164.804
48 3 163.115
48 4 160.455
48 5 156.672
48 6 151.571
48 7 144.945
48 8 136.641
48 9 126.703
48 10 115.547
48 11 104.012
48 12 92.9937
48 13 83.1926
48 14 75.0637
48 15 68.8463
48 16 64.606
48 17 62.2554
48 18 61.5506
48 19 62.0833
48 20 63.3113
48 21 64.6891
48 22 65.8702
48 23 66.6957
48 24 67.1136
48 25 67.1136
48 26 66.6957
48 27 65.8702
48 28 64.6891
48 29 63.3113
48 30 62.0833
48 31 61.5506
48 32 62.2554
48 33 64.606
48 34 68.8463
48 35 75.0637
48 36 83.1926
48 37 92.9937
48 38 104.012
48 39 115.547
48 40 126.703
48 41 136.641
48 42 144.945
48 43 151.571
48 44 156.672
48 45 160.455
48 46 163.115
48 47 164.804
48 48 165.624
48 49 165.624

49 0 165.624
49 1 165.624
49 2 164.804
49 3 163.115
49 4 160.455
49 5 156.672
49 6 151.571
49 7 144.945
49 8 136.641
49 9 126.703
49 10 115.547
49 11 104.012
49 12 92.9937
49 13 83.1926
49 14 75.0637
49 15 68.8463
49 16 64.606
49 17 62.2554
49 18 61.5506
49 19 62.0833
49 20 63.3113
49 21 64.6891
49 22 65.8702
49 23 66.6957
49 24 67.1136
49 25 67.1136
49 26 66.6957
49 27 65.8702
49 28 64.6891
49 29 63.3113
49 30 62.0833
49 31 61.5506
49 32 62.2554
49 33 64.606
49 34 68.8463
49 35 75.0637
49 36 83.1926
49 37 92.9937
49 38 104.012
49 39 115.547
49 40 126.703
49 41 136.641
49 42 144.945
49 43 151.571
49 44 156.672
49 45 160.455
49 46 163.115
49 47 164.804
49 48 165.624
49 49 165.624

