1 -28.5356
2 -66.5623
3 -83.3147
4 -89.3558
5 -90.7438
6 -90.1694
7 -88.8249
8 -87.2468
9 -85.6752
10 -84.2118
11 -82.8929
12 -81.7242
13 -80.698
14 -79.8008
15 -79.018
16 -78.3354
17 -77.74
18 -77.2204
19 -76.7666
20 -76.3698
21 -76.0226
22 -75.7187
23 -75.4523
24 -75.2188
25 -75.0139
26 -74.8342
27 -74.6764
28 -74.5378
29 -74.416
30 -74.3091
31 -74.2151
32 -74.1325
33 -74.0599
34 -73.9961
35 -73.94
36 -73.8907
37 -73.8473
38 -73.8092
39 -73.7756
40 -73.7461
41 -73.7202
42 -73.6974
43 -73.6774
44 -73.6597
45 -73.6442
46 -73.6306
47 -73.6186
48 -73.608
49 -73.5988
50 -73.5906
51 -73.5834
52 -73.5771
53 -73.5716
54 -73.5667
55 -73.5624
56 -73.5586
57 -73.5553
58 -73.5524
59 -73.5498
60 -73.5476
61 -73.5456
62 -73.5438
63 -73.5423
64 -73.5409
65 -73.5397
66 -73.5387
67 -73.5378
68 -73.537
69 -73.5363
70 -73.5356
71 -73.5351
72 -73.5346
73 -73.5342
74 -73.5338
75 -73.5335
76 -73.5332
77 -73.5329
78 -73.5327
79 -73.5325
80 -73.5323

