0 1.0986 -0.140444 0.999803 -0.0197462 2.56663
0.01 1.09579 -0.28087 0.999409 -0.0393112 2.56344
0.02 1.09157 -0.421315 0.998824 -0.0585591 2.56026
0.03 1.08596 -0.561811 0.99805 -0.0773546 2.55708
0.04 1.07893 -0.70238 0.997095 -0.0955627 2.55391
0.05 1.0705 -0.843038 0.995964 -0.113049 2.55075
0.06 1.06066 -0.983786 0.994667 -0.12968 2.54761
0.07 1.04942 -1.12461 0.993214 -0.145323 2.5445
0.08 1.03676 -1.26549 0.991616 -0.159848 2.54142
0.09 1.0227 -1.40636 0.989884 -0.173124 2.53839
0.1 1.00723 -1.54716 0.988034 -0.185026 2.53541
0.11 0.99035 -1.68778 0.98608 -0.195428 2.53252
0.12 0.972068 -1.82811 0.984038 -0.204211 2.52972
0.13 0.952389 -1.96799 0.981925 -0.211259 2.52704
0.14 0.931316 -2.10722 0.979761 -0.21646 2.52451
0.15 0.90886 -2.2456 0.977563 -0.219709 2.52216
0.16 0.885032 -2.38285 0.975354 -0.220909 2.52002
0.17 0.859845 -2.51869 0.973155 -0.219971 2.51813
0.18 0.833317 -2.65278 0.970987 -0.216815 2.51653
0.19 0.80547 -2.78475 0.968873 -0.211373 2.51525
0.2 0.776328 -2.9142 0.966837 -0.203589 2.51435
0.21 0.745921 -3.04068 0.964903 -0.19342 2.51385
0.22 0.714284 -3.1637 0.963094 -0.18084 2.5138
0.23 0.681456 -3.28277 0.961436 -0.165838 2.51425
0.24 0.647483 -3.39735 0.959952 -0.148422 2.51522
0.25 0.612414 -3.50687 0.958666 -0.128618 2.51675
0.26 0.576306 -3.61078 0.957601 -0.106473 2.51885
0.27 0.539221 -3.70849 0.95678 -0.0820524 2.52155
0.28 0.501227 -3.79942 0.956226 -0.055446 2.52485
0.29 0.462397 -3.88301 0.955958 -0.0267624 2.52875
0.3 0.42281 -3.95872 0.955997 0.0038682 2.53322
0.31 0.382549 -4.02604 0.95636 0.0362954 2.53824
0.32 0.341704 -4.0845 0.957063 0.0703496 2.54377
0.33 0.300368 -4.13367 0.958122 0.105844 2.54974
0.34 0.258636 -4.1732 0.959548 0.142575 2.5561
0.35 0.216608 -4.2028 0.961351 0.180328 2.56277
0.36 0.174385 -4.22226 0.96354 0.218874 2.56966
0.37 0.13207 -4.23146 0.966119 0.257979 2.57667
0.38 0.089767 -4.23034 0.969093 0.297403 2.58372
0.39 0.0475775 -4.21895 0.972462 0.336905 2.5907
0.4 0.00560318 -4.19743 0.976225 0.376245 2.59752
0.41 -0.0360566 -4.16598 0.980377 0.415187 2.60409
0.42 -0.0773056 -4.1249 0.984912 0.453504 2.61032
0.43 -0.118051 -4.07455 0.989822 0.49098 2.61613
0.44 -0.158205 -4.01538 0.995096 0.527409 2.62146
0.45 -0.197684 -3.94787 1.00072 0.562605 2.62626
0.46 -0.236409 -3.87255 1.00669 0.596394 2.63048
0.47 -0.274309 -3.79 1.01297 0.628623 2.6341
0.48 -0.311317 -3.70082 1.01956 0.659157 2.6371
0.49 -0.347374 -3.60562 1.02644 0.687882 2.63948
0.5 -0.382424 -3.50503 1.03359 0.714703 2.64124
0.51 -0.41642 -3.39966 1.04098 0.739544 2.64241
0.52 -0.449322 -3.29012 1.04861 0.762349 2.64301
0.53 -0.481092 -3.17701 1.05644 0.783081 2.64308
0.54 -0.511701 -3.06088 1.06446 0.80172 2.64264
0.55 -0.541123 -2.94228 1.07264 0.818261 2.64176
0.56 -0.569341 -2.82172 1.08097 0.832716 2.64045
0.57 -0.596337 -2.69965 1.08942 0.84511 2.63879
0.58 -0.622102 -2.57653 1.09797 0.855481 2.6368
0.59 -0.64663 -2.45274 1.10661 0.863878 2.63454
0.6 -0.669916 -2.32864 1.11531 0.870358 2.63205
0.61 -0.691962 -2.20457 1.12406 0.874988 2.62936
0.62 -0.71277 -2.08079 1.13284 0.877844 2.62652
0.63 -0.732346 -1.95758 1.14163 0.879004 2.62356
0.64 -0.750697 -1.83514 1.15042 0.878554 2.6205
0.65 -0.767834 -1.71367 1.15918 0.876583 2.61739
0.66 -0.783767 -1.59332 1.16792 0.873184 2.61424
0.67 -0.798509 -1.47424 1.1766 0.868451 2.61107
0.68 -0.812075 -1.35654 1.18523 0.862481 2.6079
0.69 -0.824478 -1.24031 1.19378 0.85537 2.60476
0.7 -0.835734 -1.12561 1.20225 0.847218 2.60164
0.71 -0.845859 -1.01252 1.21063 0.83812 2.59857
0.72 -0.85487 -0.90106 1.21891 0.828176 2.59554
0.73 -0.862783 -0.791271 1.22709 0.817482 2.59258
0.74 -0.869614 -0.68317 1.23515 0.806132 2.58968
0.75 -0.875382 -0.576766 1.24309 0.794223 2.58685
0.76 -0.880103 -0.472063 1.25091 0.781845 2.58408
0.77 -0.883793 -0.369057 1.2586 0.769091 2.5814
0.78 -0.886471 -0.267741 1.26616 0.756049 2.57878
0.79 -0.888152 -0.168105 1.27359 0.742807 2.57625
0.8 -0.888853 -0.0701373 1.28088 0.729451 2.57379
0.81 -0.888591 0.0261764 1.28805 0.716062 2.57141
0.82 -0.887383 0.120849 1.29507 0.702721 2.56911
0.83 -0.885244 0.213893 1.30197 0.689508 2.56689
0.84 -0.882191 0.30532 1.30873 0.676497 2.56475
0.85 -0.878239 0.395138 1.31537 0.663763 2.56269
0.86 -0.873406 0.483354 1.32188 0.651375 2.56071
0.87 -0.867706 0.569971 1.32828 0.639403 2.55882
0.88 -0.861156 0.654989 1.33456 0.627911 2.55702
0.89 -0.853772 0.738403 1.34073 0.616963 2.5553
0.9 -0.84557 0.820204 1.34679 0.606617 2.55368
0.91 -0.836566 0.900379 1.35276 0.596931 2.55216
0.92 -0.826777 0.978912 1.35864 0.587958 2.55073
0.93 -0.816219 1.05578 1.36444 0.579749 2.54941
0.94 -0.80491 1.13095 1.37016 0.572349 2.5482
0.95 -0.792866 1.2044 1.37582 0.565804 2.5471
0.96 -0.780105 1.27609 1.38142 0.560153 2.54612
0.97 -0.766645 1.34598 1.38698 0.555431 2.54526
0.98 -0.752505 1.41402 1.39249 0.551672 2.54453
0.99 -0.737703 1.48016 1.39798 0.548904 2.54393
1 -0.72226 1.54436 1.40345 0.547151 2.54348
1.01 -0.706194 1.60655 1.40892 0.546432 2.54316
1.02 -0.689527 1.66667 1.41439 0.546765 2.543
1.03 -0.672281 1.72467 1.41987 0.54816 2.54299
1.04 -0.654476 1.78047 1.42537 0.550624 2.54314
1.05 -0.636136 1.83402 1.43092 0.554159 2.54345
1.06 -0.617283 1.88524 1.4365 0.558764 2.54393
1.07 -0.597943 1.93407 1.44215 0.56443 2.54457
1.08 -0.578138 1.98045 1.44786 0.571146 2.54537
1.09 -0.557895 2.0243 1.45365 0.578897 2.54634
1.1 -0.53724 2.06557 1.45952 0.58766 2.54747
1.11 -0.516198 2.10419 1.4655 0.597411 2.54877
1.12 -0.494797 2.14011 1.47158 0.608119 2.55022
1.13 -0.473064 2.17328 1.47778 0.61975 2.55182
1.14 -0.451027 2.20363 1.4841 0.632266 2.55356
1.15 -0.428716 2.23114 1.49056 0.645625 2.55544
1.16 -0.406158 2.25576 1.49715 0.65978 2.55745
1.17 -0.383384 2.27747 1.5039 0.674682 2.55957
1.18 -0.360421 2.29623 1.5108 0.690279 2.56179
1.19 -0.337301 2.31203 1.51787 0.706514 2.56411
1.2 -0.314052 2.32487 1.5251 0.72333 2.56649
1.21 -0.290705 2.33474 1.53251 0.740667 2.56894
1.22 -0.267289 2.34164 1.54009 0.758461 2.57144
1.23 -0.243833 2.3456 1.54786 0.776651 2.57396
1.24 -0.220366 2.34664 1.55581 0.795171 2.5765
1.25 -0.196918 2.3448 1.56395 0.813956 2.57903
1.26 -0.173517 2.3401 1.57228 0.832941 2.58154
1.27 -0.150191 2.33261 1.5808 0.852061 2.58401
1.28 -0.126967 2.32239 1.58951 0.87125 2.58644
1.29 -0.103872 2.30948 1.59842 0.890445 2.58879
1.3 -0.0809326 2.29397 1.60751 0.909583 2.59106
1.31 -0.0581733 2.27594 1.6168 0.928604 2.59324
1.32 -0.0356187 2.25546 1.62627 0.947447 2.59531
1.33 -0.0132924 2.23263 1.63593 0.966056 2.59726
1.34 0.00878305 2.20754 1.64578 0.984378 2.59908
1.35 0.030586 2.18029 1.6558 1.00236 2.60077
1.36 0.0520958 2.15099 1.666 1.01995 2.60231
1.37 0.0732931 2.11972 1.67637 1.03711 2.6037
1.38 0.0941592 2.08661 1.68691 1.05379 2.60494
1.39 0.114677 2.05176 1.69761 1.06995 2.60602
1.4 0.13483 2.01527 1.70847 1.08556 2.60695
1.41 0.154602 1.97726 1.71947 1.10058 2.60771
1.42 0.173981 1.93784 1.73062 1.11499 2.60832
1.43 0.192952 1.89711 1.74191 1.12876 2.60877
1.44 0.211503 1.85517 1.75333 1.14187 2.60907
1.45 0.229625 1.81214 1.76487 1.15429 2.60921
1.46 0.247306 1.76811 1.77653 1.16602 2.60922
1.47 0.264538 1.72319 1.7883 1.17705 2.60908
1.48 0.281312 1.67746 1.80017 1.18735 2.60881
1.49 0.297623 1.63103 1.81214 1.19694 2.60842
1.5 0.313463 1.58399 1.8242 1.2058 2.6079
1.51 0.328827 1.53641 1.83634 1.21393 2.60728
1.52 0.343711 1.48838 1.84855 1.22134 2.60654
1.53 0.35811 1.43999 1.86084 1.22803 2.60571
1.54 0.372023 1.3913 1.87318 1.23401 2.6048
1.55 0.385447 1.34238 1.88557 1.23929 2.60379
1.56 0.39838 1.29332 1.89801 1.24388 2.60272
1.57 0.410822 1.24416 1.91049 1.2478 2.60157
1.58 0.422772 1.19496 1.923 1.25106 2.60037
1.59 0.434229 1.14579 1.93553 1.25367 2.59911
1.6 0.445196 1.09669 1.94809 1.25566 2.59781
1.61 0.455674 1.04772 1.96066 1.25704 2.59647
1.62 0.465663 0.998916 1.97324 1.25784 2.59509
1.63 0.475166 0.950321 1.98582 1.25808 2.59369
1.64 0.484186 0.901975 1.9984 1.25778 2.59226
1.65 0.492725 0.853914 2.01097 1.25697 2.59082
1.66 0.500787 0.806171 2.02352 1.25567 2.58937
1.67 0.508374 0.758775 2.03606 1.2539 2.5879
1.68 0.515492 0.711755 2.04858 1.25169 2.58644
1.69 0.522143 0.665136 2.06107 1.24906 2.58497
1.7 0.528333 0.618941 2.07353 1.24605 2.58351
1.71 0.534065 0.573191 2.08596 1.24268 2.58206
1.72 0.539344 0.527905 2.09835 1.23897 2.58062
1.73 0.544175 0.483101 2.1107 1.23495 2.57919
1.74 0.548563 0.438795 2.123 1.23066 2.57778
1.75 0.552513 0.395 2.13526 1.2261 2.57638
1.76 0.55603 0.35173 2.14748 1.22132 2.57501
1.77 0.55912 0.308996 2.15964 1.21633 2.57366
1.78 0.561788 0.26681 2.17175 1.21117 2.57234
1.79 0.56404 0.225179 2.18381 1.20586 2.57104
1.8 0.565881 0.184114 2.19581 1.20042 2.56977
1.81 0.567317 0.143623 2.20776 1.19488 2.56853
1.82 0.568354 0.103711 2.21966 1.18926 2.56732
1.83 0.568998 0.0643858 2.23149 1.18358 2.56615
1.84 0.569255 0.0256535 2.24327 1.17788 2.565
1.85 0.56913 -0.0124806 2.25499 1.17217 2.56389
1.86 0.56863 -0.0500114 2.26666 1.16647 2.56282
1.87 0.56776 -0.0869341 2.27826 1.16081 2.56178
1.88 0.566528 -0.123244 2.28982 1.15521 2.56078
1.89 0.564938 -0.158937 2.30131 1.14968 2.55982
1.9 0.562998 -0.19401 2.31276 1.14425 2.55889
1.91 0.560714 -0.228457 2.32415 1.13894 2.55801
1.92 0.558091 -0.262276 2.33548 1.13376 2.55716
1.93 0.555136 -0.295463 2.34677 1.12873 2.55636
1.94 0.551856 -0.328013 2.35801 1.12387 2.55559
1.95 0.548257 -0.359924 2.3692 1.1192 2.55487
1.96 0.544345 -0.391191 2.38035 1.11472 2.55419
1.97 0.540127 -0.421811 2.39145 1.11046 2.55356
1.98 0.535609 -0.451781 2.40252 1.10643 2.55297
1.99 0.530798 -0.481096 2.41354 1.10263 2.55242
2 0.525701 -0.509753 2.42453 1.09909 2.55191
2.01 0.520323 -0.537749 2.43549 1.09581 2.55145
2.02 0.514672 -0.565078 2.44642 1.0928 2.55104
2.03 0.508755 -0.591739 2.45732 1.09008 2.55067
2.04 0.502578 -0.617726 2.4682 1.08765 2.55035
2.05 0.496147 -0.643036 2.47905 1.08552 2.55007
2.06 0.489471 -0.667666 2.48989 1.08369 2.54984
2.07 0.482555 -0.691611 2.50071 1.08217 2.54966
2.08 0.475406 -0.714868 2.51152 1.08097 2.54952
2.09 0.468032 -0.737433 2.52232 1.0801 2.54943
2.1 0.460439 -0.759303 2.53312 1.07954 2.54938
2.11 0.452634 -0.780474 2.54391 1.07932 2.54938
2.12 0.444624 -0.800943 2.55471 1.07942 2.54943
2.13 0.436417 -0.820707 2.5655 1.07986 2.54952
2.14 0.42802 -0.839762 2.57631 1.08062 2.54965
2.15 0.419439 -0.858106 2.58713 1.08171 2.54983
2.16 0.410681 -0.875737 2.59796 1.08313 2.55005
2.17 0.401755 -0.892652 2.60881 1.08488 2.55032
2.18 0.392666 -0.908849 2.61968 1.08695 2.55063
2.19 0.383423 -0.924325 2.63057 1.08934 2.55098
2.2 0.374032 -0.939081 2.64149 1.09204 2.55137
2.21 0.364501 -0.953114 2.65244 1.09505 2.55179
2.22 0.354837 -0.966424 2.66342 1.09836 2.55226
2.23 0.345047 -0.97901 2.67444 1.10197 2.55276
2.24 0.335138 -0.990873 2.6855 1.10587 2.5533
2.25 0.325118 -1.00201 2.6966 1.11006 2.55386
2.26 0.314994 -1.01243 2.70775 1.11451 2.55446
2.27 0.304772 -1.02213 2.71894 1.11923 2.55509
2.28 0.294461 -1.0311 2.73018 1.12421 2.55575
2.29 0.284068 -1.03936 2.74148 1.12943 2.55643
2.3 0.273599 -1.04691 2.75283 1.13488 2.55714
2.31 0.263061 -1.05375 2.76423 1.14056 2.55787
2.32 0.252462 -1.05987 2.7757 1.14645 2.55862
2.33 0.241809 -1.0653 2.78722 1.15254 2.55938
2.34 0.231109 -1.07003 2.79881 1.15883 2.56016
2.35 0.220368 -1.07407 2.81046 1.16528 2.56096
2.36 0.209594 -1.07742 2.82218 1.17191 2.56176
2.37 0.198793 -1.08009 2.83397 1.17868 2.56257
2.38 0.187973 -1.08208 2.84582 1.18559 2.56339
2.39 0.177138 -1.08342 2.85775 1.19263 2.56421
2.4 0.166298 -1.08409 2.86975 1.19979 2.56504
2.41 0.155456 -1.08411 2.88182 1.20704 2.56586
2.42 0.144621 -1.0835 2.89396 1.21438 2.56668
2.43 0.133799 -1.08225 2.90618 1.22179 2.56749
2.44 0.122995 -1.08039 2.91847 1.22927 2.5683
2.45 0.112216 -1.07791 2.93084 1.23679 2.56909
2.46 0.101468 -1.07484 2.94328 1.24434 2.56987
2.47 0.0907559 -1.07117 2.9558 1.25192 2.57064
2.48 0.0800866 -1.06693 2.9684 1.2595 2.5714
2.49 0.0694654 -1.06212 2.98107 1.26708 2.57213
2.5 0.0588977 -1.05676 2.99382 1.27465 2.57285
2.51 0.0483891 -1.05086 3.00664 1.28218 2.57354
2.52 0.0379448 -1.04443 3.01953 1.28968 2.57421
2.53 0.0275699 -1.03749 3.03251 1.29712 2.57486
2.54 0.0172694 -1.03005 3.04555 1.3045 2.57547
2.55 0.00704818 -1.02212 3.05867 1.31181 2.57607
2.56 -0.00308897 -1.01371 3.07186 1.31904 2.57663
2.57 -0.0131375 -1.00485 3.08512 1.32617 2.57716
2.58 -0.0230929 -0.995541 3.09845 1.33319 2.57767
2.59 -0.0329509 -0.985799 3.11185 1.3401 2.57814
2.6 -0.0427073 -0.97564 3.12532 1.34689 2.57858
2.61 -0.052358 -0.965078 3.13886 1.35355 2.57899
2.62 -0.0618993 -0.954127 3.15246 1.36007 2.57936
2.63 -0.0713273 -0.942802 3.16612 1.36644 2.5797
2.64 -0.0806385 -0.931117 3.17985 1.37265 2.58
2.65 -0.0898294 -0.919086 3.19364 1.37871 2.58027
2.66 -0.0988966 -0.906724 3.20748 1.3846 2.58051
2.67 -0.107837 -0.894045 3.22139 1.39032 2.58071
2.68 -0.116648 -0.881063 3.23535 1.39585 2.58088
2.69 -0.125326 -0.867791 3.24936 1.40121 2.58101
2.7 -0.133868 -0.854245 3.26342 1.40637 2.58111
2.71 -0.142272 -0.840437 3.27753 1.41135 2.58118
2.72 -0.150536 -0.826381 3.2917 1.41613 2.58121
2.73 -0.158657 -0.812091 3.3059 1.42071 2.58121
2.74 -0.166633 -0.79758 3.32015 1.42508 2.58118
2.75 -0.174462 -0.782861 3.33445 1.42926 2.58112
2.76 -0.182141 -0.767946 3.34878 1.43323 2.58103
2.77 -0.18967 -0.752849 3.36315 1.43699 2.5809
2.78 -0.197045 -0.737581 3.37755 1.44055 2.58075
2.79 -0.204267 -0.722155 3.39199 1.4439 2.58057
2.8 -0.211333 -0.706583 3.40646 1.44704 2.58036
2.81 -0.218241 -0.690876 3.42096 1.44997 2.58013
2.82 -0.224992 -0.675046 3.43549 1.45269 2.57987
2.83 -0.231583 -0.659103 3.45004 1.45521 2.57958
2.84 -0.238014 -0.643059 3.46462 1.45752 2.57927
2.85 -0.244283 -0.626925 3.47921 1.45963 2.57894
2.86 -0.25039 -0.610709 3.49383 1.46154 2.57859
2.87 -0.256334 -0.594424 3.50846 1.46324 2.57822
2.88 -0.262115 -0.578078 3.52311 1.46476 2.57783
2.89 -0.267732 -0.56168 3.53777 1.46607 2.57742
2.9 -0.273184 -0.545241 3.55244 1.4672 2.57699
2.91 -0.278472 -0.528769 3.56712 1.46814 2.57655
2.92 -0.283595 -0.512272 3.58181 1.4689 2.57609
2.93 -0.288552 -0.49576 3.59651 1.46947 2.57561
2.94 -0.293345 -0.47924 3.61121 1.46987 2.57513
2.95 -0.297972 -0.46272 3.62591 1.4701 2.57463
2.96 -0.302434 -0.446209 3.64061 1.47017 2.57412
2.97 -0.306731 -0.429712 3.65531 1.47007 2.5736
2.98 -0.310863 -0.413238 3.67001 1.46981 2.57307
2.99 -0.314831 -0.396794 3.6847 1.4694 2.57254
3 -0.318635 -0.380386 3.69939 1.46885 2.57199
3.01 -0.322275 -0.36402 3.71407 1.46815 2.57144
3.02 -0.325752 -0.347704 3.72874 1.46732 2.57089
3.03 -0.329067 -0.331442 3.74341 1.46636 2.57033
3.04 -0.332219 -0.315241 3.75806 1.46527 2.56977
3.05 -0.33521 -0.299107 3.7727 1.46406 2.5692
3.06 -0.338041 -0.283044 3.78733 1.46274 2.56863
3.07 -0.340711 -0.267058 3.80194 1.46131 2.56807
3.08 -0.343223 -0.251155 3.81654 1.45978 2.5675
3.09 -0.345576 -0.235338 3.83112 1.45815 2.56693
3.1 -0.347772 -0.219613 3.84569 1.45644 2.56636
3.11 -0.349812 -0.203984 3.86023 1.45464 2.5658
3.12 -0.351697 -0.188456 3.87476 1.45276 2.56523
3.13 -0.353427 -0.173032 3.88927 1.45081 2.56467
3.14 -0.355004 -0.157717 3.90376 1.44879 2.56412
3.15 -0.356429 -0.142515 3.91822 1.44671 2.56357
3.16 -0.357704 -0.127428 3.93267 1.44458 2.56302
3.17 -0.358828 -0.112462 3.94709 1.44241 2.56248
3.18 -0.359804 -0.0976195 3.96149 1.44018 2.56195
3.19 -0.360634 -0.0829035 3.97587 1.43793 2.56142
3.2 -0.361317 -0.0683176 3.99023 1.43564 2.5609
3.21 -0.361855 -0.0538648 4.00456 1.43333 2.56039
3.22 -0.362251 -0.0395481 4.01887 1.431 2.55989
3.23 -0.362505 -0.0253705 4.03316 1.42865 2.5594
3.24 -0.362618 -0.0113348 4.04742 1.4263 2.55891
3.25 -0.362592 0.00255641 4.06166 1.42394 2.55844
3.26 -0.362429 0.0163004 4.07588 1.42159 2.55797
3.27 -0.36213 0.0298948 4.09007 1.41925 2.55752
3.28 -0.361697 0.0433371 4.10424 1.41692 2.55708
3.29 -0.361131 0.0566249 4.11839 1.4146 2.55665
3.3 -0.360433 0.069756 4.13251 1.41231 2.55623
3.31 -0.359606 0.0827282 4.14661 1.41005 2.55582
3.32 -0.358651 0.0955394 4.16069 1.40782 2.55542
3.33 -0.357569 0.108188 4.17474 1.40563 2.55504
3.34 -0.356362 0.120671 4.18878 1.40348 2.55467
3.35 -0.355032 0.132987 4.20279 1.40137 2.55431
3.36 -0.353581 0.145135 4.21679 1.39931 2.55397
3.37 -0.35201 0.157112 4.23076 1.39731 2.55364
3.38 -0.35032 0.168917 4.24471 1.39537 2.55332
3.39 -0.348515 0.180547 4.25865 1.39349 2.55302
3.4 -0.346595 0.192003 4.27256 1.39167 2.55273
3.41 -0.344562 0.203281 4.28646 1.38992 2.55246
3.42 -0.342418 0.214382 4.30035 1.38825 2.5522
3.43 -0.340165 0.225302 4.31421 1.38665 2.55195
3.44 -0.337805 0.236041 4.32806 1.38512 2.55172
3.45 -0.335339 0.246597 4.3419 1.38368 2.55151
3.46 -0.332769 0.256969 4.35572 1.38232 2.55131
3.47 -0.330098 0.267157 4.36953 1.38105 2.55112
3.48 -0.327326 0.277158 4.38333 1.37987 2.55095
3.49 -0.324456 0.286972 4.39712 1.37877 2.5508
3.5 -0.32149 0.296598 4.4109 1.37777 2.55066
3.51 -0.31843 0.306034 4.42467 1.37686 2.55054
3.52 -0.315277 0.31528 4.43843 1.37605 2.55043
3.53 -0.312034 0.324334 4.45218 1.37534 2.55033
3.54 -0.308702 0.333197 4.46593 1.37473 2.55026
3.55 -0.305283 0.341866 4.47967 1.37422 2.55019
3.56 -0.30178 0.350342 4.49341 1.37381 2.55014
3.57 -0.298194 0.358624 4.50714 1.3735 2.55011
3.58 -0.294526 0.36671 4.52088 1.37329 2.55009
3.59 -0.29078 0.374601 4.53461 1.37319 2.55009
3.6 -0.286958 0.382296 4.54834 1.37319 2.5501
3.61 -0.28306 0.389794 4.56207 1.3733 2.55012
3.62 -0.279089 0.397095 4.57581 1.37351 2.55016
3.63 -0.275047 0.404198 4.58955 1.37383 2.55022
3.64 -0.270936 0.411104 4.60329 1.37425 2.55028
3.65 -0.266757 0.417812 4.61704 1.37478 2.55037
3.66 -0.262514 0.424321 4.63079 1.37541 2.55046
3.67 -0.258208 0.430631 4.64455 1.37614 2.55057
3.68 -0.253841 0.436743 4.65832 1.37697 2.55069
3.69 -0.249414 0.442657 4.6721 1.37791 2.55082
3.7 -0.24493 0.448371 4.68589 1.37895 2.55097
3.71 -0.240391 0.453888 4.69969 1.38009 2.55113
3.72 -0.235799 0.459205 4.7135 1.38132 2.5513
3.73 -0.231156 0.464324 4.72733 1.38266 2.55148
3.74 -0.226464 0.469246 4.74117 1.38409 2.55167
3.75 -0.221724 0.473969 4.75503 1.38561 2.55187
3.76 -0.216939 0.478495 4.7689 1.38723 2.55209
3.77 -0.212111 0.482824 4.78279 1.38893 2.55231
3.78 -0.207241 0.486956 4.7967 1.39073 2.55254
3.79 -0.202332 0.490892 4.81062 1.39261 2.55278
3.8 -0.197386 0.494633 4.82457 1.39457 2.55304
3.81 -0.192404 0.498179 4.83853 1.39662 2.55329
3.82 -0.187389 0.501531 4.85252 1.39875 2.55356
3.83 -0.182342 0.50469 4.86653 1.40096 2.55384
3.84 -0.177265 0.507656 4.88056 1.40324 2.55412
3.85 -0.172161 0.51043 4.89462 1.4056 2.55441
3.86 -0.167031 0.513014 4.9087 1.40802 2.5547
3.87 -0.161877 0.515409 4.92281 1.41051 2.555
3.88 -0.156701 0.517615 4.93694 1.41307 2.55531
3.89 -0.151504 0.519633 4.95109 1.41569 2.55562
3.9 -0.14629 0.521465 4.96528 1.41837 2.55593
3.91 -0.141059 0.523112 4.97949 1.42111 2.55625
3.92 -0.135813 0.524576 4.99373 1.4239 2.55657
3.93 -0.130554 0.525857 5.00799 1.42674 2.55689
3.94 -0.125285 0.526957 5.02229 1.42963 2.55722
3.95 -0.120006 0.527878 5.03662 1.43256 2.55755
3.96 -0.11472 0.528621 5.05097 1.43553 2.55788
3.97 -0.109428 0.529188 5.06536 1.43855 2.55821
3.98 -0.104132 0.52958 5.07977 1.4416 2.55854
3.99 -0.098834 0.529798 5.09422 1.44468 2.55887
4 -0.0935356 0.529846 5.1087 1.44779 2.5592
4.01 -0.0882383 0.529724 5.12321 1.45092 2.55953
4.02 -0.082944 0.529434 5.13775 1.45408 2.55986
4.03 -0.0776542 0.528978 5.15232 1.45726 2.56018
4.04 -0.0723706 0.528359 5.16692 1.46046 2.56051
4.05 -0.0670949 0.527577 5.18156 1.46367 2.56083
4.06 -0.0618285 0.526636 5.19623 1.46689 2.56114
4.07 -0.0565731 0.525536 5.21093 1.47012 2.56146
4.08 -0.0513303 0.524281 5.22567 1.47336 2.56177
4.09 -0.0461016 0.522872 5.24043 1.47659 2.56207
4.1 -0.0408885 0.521311 5.25523 1.47983 2.56237
4.11 -0.0356925 0.519601 5.27006 1.48306 2.56267
4.12 -0.0305151 0.517744 5.28492 1.48628 2.56296
4.13 -0.0253576 0.515741 5.29982 1.4895 2.56324
4.14 -0.0202217 0.513596 5.31474 1.4927 2.56352
4.15 -0.0151086 0.511311 5.3297 1.49588 2.56379
4.16 -0.0100197 0.508887 5.34469 1.49905 2.56406
4.17 -0.00495641 0.506328 5.35972 1.5022 2.56432
4.18 7.99453e-05 0.503636 5.37477 1.50532 2.56457
4.19 0.00508807 0.500812 5.38985 1.50842 2.56481
4.2 0.0100667 0.49786 5.40497 1.51149 2.56504
4.21 0.0150145 0.494782 5.42011 1.51453 2.56527
4.22 0.0199303 0.491581 5.43529 1.51754 2.56549
4.23 0.0248129 0.488258 5.45049 1.52051 2.5657
4.24 0.029661 0.484816 5.46573 1.52344 2.5659
4.25 0.0344736 0.481259 5.48099 1.52634 2.56609
4.26 0.0392495 0.477587 5.49628 1.52919 2.56627
4.27 0.0439875 0.473805 5.5116 1.532 2.56645
4.28 0.0486867 0.469913 5.52695 1.53476 2.56661
4.29 0.0533458 0.465916 5.54233 1.53748 2.56676
4.3 0.057964 0.461815 5.55773 1.54014 2.56691
4.31 0.0625401 0.457613 5.57316 1.54275 2.56704
4.32 0.0670732 0.453312 5.58861 1.54532 2.56717
4.33 0.0715624 0.448915 5.60409 1.54782 2.56728
4.34 0.0760066 0.444425 5.61959 1.55027 2.56739
4.35 0.0804051 0.439843 5.63512 1.55267 2.56748
4.36 0.0847568 0.435173 5.65067 1.55501 2.56757
4.37 0.089061 0.430417 5.66624 1.55728 2.56764
4.38 0.0933168 0.425578 5.68183 1.5595 2.56771
4.39 0.0975233 0.420657 5.69745 1.56165 2.56776
4.4 0.10168 0.415658 5.71309 1.56374 2.56781
4.41 0.105786 0.410583 5.72875 1.56577 2.56784
4.42 0.10984 0.405434 5.74442 1.56773 2.56787
4.43 0.113842 0.400214 5.76012 1.56963 2.56788
4.44 0.117791 0.394925 5.77583 1.57146 2.56789
4.45 0.121687 0.389569 5.79157 1.57322 2.56789
4.46 0.125529 0.38415 5.80732 1.57492 2.56787
4.47 0.129315 0.378669 5.82308 1.57655 2.56785
4.48 0.133047 0.373129 5.83886 1.57811 2.56782
4.49 0.136722 0.367531 5.85466 1.5796 2.56778
4.5 0.140341 0.361879 5.87047 1.58102 2.56773
4.51 0.143902 0.356175 5.88629 1.58238 2.56767
4.52 0.147407 0.350421 5.90213 1.58367 2.5676
4.53 0.150853 0.344619 5.91798 1.58488 2.56752
4.54 0.154241 0.338771 5.93384 1.58603 2.56744
4.55 0.157569 0.33288 5.94971 1.58711 2.56734
4.56 0.160839 0.326948 5.96559 1.58813 2.56724
4.57 0.164049 0.320977 5.98148 1.58907 2.56713
4.58 0.167198 0.314969 5.99738 1.58995 2.56701
4.59 0.170288 0.308926 6.01329 1.59076 2.56689
4.6 0.173316 0.30285 6.0292 1.59151 2.56676
4.61 0.176284 0.296744 6.04512 1.59218 2.56662
4.62 0.17919 0.290609 6.06105 1.59279 2.56647
4.63 0.182034 0.284448 6.07699 1.59334 2.56632
4.64 0.184817 0.278262 6.09292 1.59383 2.56616
4.65 0.187537 0.272053 6.10887 1.59424 2.56599
4.66 0.190195 0.265823 6.12481 1.5946 2.56582
4.67 0.192791 0.259575 6.14076 1.5949 2.56564
4.68 0.195324 0.25331 6.15671 1.59513 2.56546
4.69 0.197795 0.247029 6.17267 1.59531 2.56527
4.7 0.200202 0.240736 6.18862 1.59542 2.56508
4.71 0.202546 0.23443 6.20458 1.59548 2.56488
4.72 0.204827 0.228115 6.22053 1.59548 2.56468
4.73 0.207045 0.221792 6.23648 1.59543 2.56447
4.74 0.2092 0.215463 6.25244 1.59532 2.56426
4.75 0.211291 0.209129 6.26839 1.59516 2.56404
4.76 0.213319 0.202792 6.28434 1.59495 2.56382
4.77 0.215284 0.196454 6.30029 1.59468 2.5636
4.78 0.217185 0.190116 6.31623 1.59437 2.56337
4.79 0.219023 0.18378 6.33217 1.59401 2.56314
4.8 0.220797 0.177448 6.34811 1.5936 2.56291
4.81 0.222508 0.17112 6.36404 1.59315 2.56268
4.82 0.224156 0.164799 6.37996 1.59265 2.56244
4.83 0.225741 0.158486 6.39588 1.59212 2.5622
4.84 0.227263 0.152182 6.4118 1.59154 2.56196
4.85 0.228722 0.145888 6.42771 1.59092 2.56172
4.86 0.230118 0.139608 6.44361 1.59027 2.56147
4.87 0.231451 0.13334 6.45951 1.58957 2.56123
4.88 0.232722 0.127088 6.4754 1.58885 2.56098
4.89 0.233931 0.120851 6.49128 1.58809 2.56073
4.9 0.235077 0.114632 6.50715 1.5873 2.56048
4.91 0.236161 0.108432 6.52301 1.58648 2.56024
4.92 0.237184 0.102253 6.53887 1.58563 2.55999
4.93 0.238145 0.0960938 6.55472 1.58475 2.55974
4.94 0.239044 0.0899577 6.57056 1.58385 2.55949
4.95 0.239883 0.0838452 6.58639 1.58293 2.55924
4.96 0.240661 0.0777575 6.60221 1.58198 2.559
4.97 0.241377 0.0716959 6.61802 1.58102 2.55875
4.98 0.242034 0.0656613 6.63382 1.58003 2.5585
4.99 0.242631 0.0596549 6.64961 1.57903 2.55826
5 0.243167 0.0536777 6.66539 1.57802 2.55802
5.01 0.243645 0.0477309 6.68116 1.57698 2.55778
5.02 0.244063 0.0418154 6.69692 1.57594 2.55754
5.03 0.244422 0.0359323 6.71266 1.57489 2.5573
5.04 0.244723 0.0300826 6.7284 1.57383 2.55706
5.05 0.244966 0.0242671 6.74413 1.57276 2.55683
5.06 0.245151 0.018487 6.75985 1.57168 2.5566
5.07 0.245278 0.012743 6.77555 1.5706 2.55637
5.08 0.245348 0.00703623 6.79125 1.56952 2.55615
5.09 0.245362 0.00136744 6.80693 1.56843 2.55593
5.1 0.245319 -0.00426245 6.82261 1.56735 2.55571
5.11 0.245221 -0.00985257 6.83827 1.56626 2.55549
5.12 0.245067 -0.0154021 6.85392 1.56518 2.55528
5.13 0.244858 -0.0209102 6.86956 1.56411 2.55507
5.14 0.244594 -0.0263761 6.88519 1.56304 2.55486
5.15 0.244276 -0.0317989 6.90081 1.56198 2.55466
5.16 0.243904 -0.037178 6.91642 1.56092 2.55446
5.17 0.243479 -0.0425125 6.93202 1.55988 2.55427
5.18 0.243001 -0.0478018 6.94761 1.55885 2.55408
5.19 0.242471 -0.053045 6.96319 1.55783 2.5539
5.2 0.241888 -0.0582416 6.97876 1.55682 2.55371
5.21 0.241254 -0.0633907 6.99431 1.55583 2.55354
5.22 0.240569 -0.0684918 7.00986 1.55486 2.55336
5.23 0.239834 -0.0735442 7.0254 1.5539 2.5532
5.24 0.239048 -0.0785472 7.04093 1.55297 2.55303
5.25 0.238213 -0.0835002 7.05645 1.55205 2.55288
5.26 0.237329 -0.0884026 7.07196 1.55115 2.55272
5.27 0.236397 -0.0932538 7.08747 1.55028 2.55257
5.28 0.235416 -0.0980533 7.10296 1.54943 2.55243
5.29 0.234388 -0.1028 7.11845 1.5486 2.55229
5.3 0.233313 -0.107495 7.13392 1.5478 2.55216
5.31 0.232192 -0.112135 7.14939 1.54703 2.55203
5.32 0.231025 -0.116722 7.16486 1.54628 2.55191
5.33 0.229812 -0.121255 7.18031 1.54556 2.55179
5.34 0.228555 -0.125732 7.19576 1.54487 2.55168
5.35 0.227253 -0.130154 7.2112 1.5442 2.55157
5.36 0.225908 -0.13452 7.22664 1.54357 2.55147
5.37 0.22452 -0.13883 7.24207 1.54297 2.55138
5.38 0.223089 -0.143083 7.25749 1.5424 2.55129
5.39 0.221616 -0.147279 7.27291 1.54187 2.5512
5.4 0.220102 -0.151417 7.28833 1.54137 2.55112
5.41 0.218547 -0.155498 7.30373 1.5409 2.55105
5.42 0.216952 -0.15952 7.31914 1.54046 2.55098
5.43 0.215317 -0.163483 7.33454 1.54006 2.55092
5.44 0.213643 -0.167387 7.34994 1.5397 2.55086
5.45 0.211931 -0.171231 7.36533 1.53937 2.55081
5.46 0.210181 -0.175016 7.38072 1.53908 2.55077
5.47 0.208393 -0.178741 7.39611 1.53882 2.55073
5.48 0.206569 -0.182405 7.4115 1.53861 2.55069
5.49 0.204709 -0.186009 7.42688 1.53842 2.55067
5.5 0.202814 -0.189552 7.44226 1.53828 2.55064
5.51 0.200883 -0.193033 7.45764 1.53818 2.55063
5.52 0.198919 -0.196454 7.47303 1.53811 2.55061
5.53 0.196921 -0.199812 7.48841 1.53808 2.55061
5.54 0.19489 -0.203109 7.50379 1.53809 2.55061
5.55 0.192826 -0.206343 7.51917 1.53814 2.55061
5.56 0.190731 -0.209515 7.53455 1.53823 2.55062
5.57 0.188605 -0.212625 7.54993 1.53835 2.55064
5.58 0.186448 -0.215672 7.56532 1.53852 2.55066
5.59 0.184262 -0.218656 7.58071 1.53872 2.55068
5.6 0.182046 -0.221577 7.5961 1.53896 2.55071
5.61 0.179801 -0.224435 7.61149 1.53925 2.55075
5.62 0.177529 -0.22723 7.62688 1.53956 2.55079
5.63 0.17523 -0.229961 7.64228 1.53992 2.55084
5.64 0.172903 -0.232629 7.65769 1.54032 2.55089
5.65 0.170551 -0.235234 7.67309 1.54075 2.55094
5.66 0.168173 -0.237775 7.68851 1.54122 2.551
5.67 0.165771 -0.240253 7.70392 1.54173 2.55107
5.68 0.163344 -0.242666 7.71935 1.54228 2.55114
5.69 0.160894 -0.245017 7.73478 1.54286 2.55121
5.7 0.158421 -0.247303 7.75021 1.54348 2.55129
5.71 0.155925 -0.249526 7.76565 1.54414 2.55137
5.72 0.153409 -0.251685 7.7811 1.54483 2.55146
5.73 0.150871 -0.25378 7.79656 1.54556 2.55155
5.74 0.148313 -0.255812 7.81202 1.54632 2.55165
5.75 0.145735 -0.25778 7.82749 1.54711 2.55175
5.76 0.143138 -0.259685 7.84297 1.54794 2.55185
5.77 0.140523 -0.261526 7.85846 1.5488 2.55196
5.78 0.13789 -0.263304 7.87395 1.5497 2.55207
5.79 0.13524 -0.265018 7.88946 1.55063 2.55218
5.8 0.132573 -0.26667 7.90498 1.55158 2.5523
5.81 0.12989 -0.268258 7.9205 1.55257 2.55242
5.82 0.127192 -0.269783 7.93604 1.55359 2.55254
5.83 0.12448 -0.271246 7.95158 1.55464 2.55267
5.84 0.121754 -0.272646 7.96714 1.55572 2.55279
5.85 0.119014 -0.273984 7.98271 1.55683 2.55293
5.86 0.116261 -0.275259 7.99829 1.55796 2.55306
5.87 0.113496 -0.276472 8.01388 1.55912 2.5532
5.88 0.11072 -0.277623 8.02948 1.56031 2.55334
5.89 0.107933 -0.278713 8.0451 1.56152 2.55348
5.9 0.105136 -0.279741 8.06073 1.56276 2.55362
5.91 0.102329 -0.280708 8.07637 1.56402 2.55377
5.92 0.0995124 -0.281614 8.09202 1.5653 2.55391
5.93 0.0966878 -0.282459 8.10769 1.56661 2.55406
5.94 0.0938554 -0.283244 8.12336 1.56793 2.55421
5.95 0.0910157 -0.283969 8.13906 1.56928 2.55436
5.96 0.0881694 -0.284633 8.15476 1.57064 2.55452
5.97 0.085317 -0.285239 8.17048 1.57203 2.55467
5.98 0.0824591 -0.285785 8.18622 1.57343 2.55482
5.99 0.0795964 -0.286272 8.20197 1.57485 2.55498
6 0.0767294 -0.2867 8.21773 1.57628 2.55514
6.01 0.0738587 -0.28707 8.23351 1.57773 2.55529
6.02 0.0709849 -0.287382 8.2493 1.5792 2.55545
6.03 0.0681085 -0.287637 8.26511 1.58068 2.55561
6.04 0.0652302 -0.287834 8.28093 1.58217 2.55577
6.05 0.0623504 -0.287975 8.29676 1.58367 2.55593
6.06 0.0594698 -0.288059 8.31262 1.58518 2.55608
6.07 0.056589 -0.288087 8.32848 1.5867 2.55624
6.08 0.0537084 -0.28806 8.34437 1.58823 2.5564
6.09 0.0508286 -0.287977 8.36026 1.58977 2.55656
6.1 0.0479502 -0.287839 8.37618 1.59131 2.55671
6.11 0.0450737 -0.287647 8.3921 1.59287 2.55687
6.12 0.0421997 -0.287402 8.40805 1.59442 2.55702
6.13 0.0393287 -0.287102 8.42401 1.59598 2.55718
6.14 0.0364612 -0.28675 8.43998 1.59755 2.55733
6.15 0.0335978 -0.286345 8.45598 1.59911 2.55748
6.16 0.0307389 -0.285888 8.47198 1.60068 2.55764
6.17 0.0278851 -0.285379 8.488 1.60225 2.55778
6.18 0.0250369 -0.28482 8.50404 1.60382 2.55793
6.19 0.0221948 -0.284209 8.5201 1.60539 2.55808
6.2 0.0193593 -0.283549 8.53617 1.60695 2.55822
6.21 0.0165309 -0.282839 8.55225 1.60852 2.55837
6.22 0.0137101 -0.282079 8.56835 1.61007 2.55851
6.23 0.0108974 -0.281271 8.58447 1.61163 2.55864
6.24 0.00809326 -0.280415 8.6006 1.61318 2.55878
6.25 0.00529814 -0.279512 8.61675 1.61472 2.55892
6.26 0.00251253 -0.278561 8.63291 1.61626 2.55905
6.27 -0.000263106 -0.277564 8.64909 1.61779 2.55918
6.28 -0.00302831 -0.276521 8.66528 1.61931 2.5593
6.29 -0.00578263 -0.275432 8.68149 1.62082 2.55943
6.3 -0.00852562 -0.274299 8.69771 1.62232 2.55955
6.31 -0.0112568 -0.273121 8.71395 1.62381 2.55967
6.32 -0.0139758 -0.271899 8.7302 1.62529 2.55979
6.33 -0.0166822 -0.270635 8.74647 1.62675 2.5599
6.34 -0.0193754 -0.269327 8.76275 1.62821 2.56001
6.35 -0.0220552 -0.267978 8.77905 1.62965 2.56012
6.36 -0.0247211 -0.266587 8.79536 1.63107 2.56022
6.37 -0.0273727 -0.265156 8.81169 1.63248 2.56032
6.38 -0.0300095 -0.263684 8.82802 1.63388 2.56042
6.39 -0.0326312 -0.262172 8.84438 1.63525 2.56052
6.4 -0.0352374 -0.260621 8.86074 1.63662 2.56061
6.41 -0.0378278 -0.259032 8.87712 1.63796 2.5607
6.42 -0.0404018 -0.257405 8.89351 1.63929 2.56078
6.43 -0.0429592 -0.25574 8.90992 1.64059 2.56086
6.44 -0.0454996 -0.254039 8.92634 1.64188 2.56094
6.45 -0.0480226 -0.252301 8.94277 1.64315 2.56101
6.46 -0.0505279 -0.250528 8.95922 1.6444 2.56108
6.47 -0.0530151 -0.24872 8.97567 1.64563 2.56115
6.48 -0.0554839 -0.246878 8.99214 1.64683 2.56121
6.49 -0.0579339 -0.245002 9.00862 1.64802 2.56127
6.5 -0.0603648 -0.243092 9.02511 1.64918 2.56133
6.51 -0.0627763 -0.241151 9.04161 1.65032 2.56138
6.52 -0.0651681 -0.239177 9.05813 1.65144 2.56143
6.53 -0.0675398 -0.237172 9.07465 1.65253 2.56148
6.54 -0.0698912 -0.235136 9.09119 1.6536 2.56152
6.55 -0.0722219 -0.23307 9.10774 1.65465 2.56155
6.56 -0.0745316 -0.230975 9.12429 1.65567 2.56159
6.57 -0.0768201 -0.22885 9.14086 1.65667 2.56162
6.58 -0.0790871 -0.226698 9.15744 1.65764 2.56164
6.59 -0.0813323 -0.224517 9.17402 1.65859 2.56167
6.6 -0.0835554 -0.22231 9.19062 1.65951 2.56169
6.61 -0.0857561 -0.220076 9.20722 1.66041 2.5617
6.62 -0.0879343 -0.217816 9.22383 1.66128 2.56171
6.63 -0.0900896 -0.215531 9.24046 1.66213 2.56172
6.64 -0.0922218 -0.213222 9.25709 1.66294 2.56172
6.65 -0.0943307 -0.210888 9.27372 1.66374 2.56172
6.66 -0.096416 -0.208531 9.29037 1.6645 2.56172
6.67 -0.0984775 -0.206151 9.30702 1.66524 2.56171
6.68 -0.100515 -0.203748 9.32368 1.66595 2.5617
6.69 -0.102528 -0.201324 9.34035 1.66664 2.56169
6.7 -0.104517 -0.198879 9.35702 1.6673 2.56167
6.71 -0.106481 -0.196413 9.3737 1.66793 2.56165
6.72 -0.10842 -0.193927 9.39038 1.66854 2.56163
6.73 -0.110335 -0.191422 9.40708 1.66911 2.5616
6.74 -0.112224 -0.188898 9.42377 1.66967 2.56157
6.75 -0.114087 -0.186356 9.44047 1.67019 2.56153
6.76 -0.115925 -0.183796 9.45718 1.67069 2.56149
6.77 -0.117737 -0.18122 9.47389 1.67116 2.56145
6.78 -0.119524 -0.178626 9.49061 1.6716 2.56141
6.79 -0.121284 -0.176017 9.50733 1.67202 2.56136
6.8 -0.123018 -0.173393 9.52405 1.67241 2.56131
6.81 -0.124725 -0.170753 9.54078 1.67278 2.56125
6.82 -0.126406 -0.1681 9.55751 1.67311 2.5612
6.83 -0.128061 -0.165433 9.57425 1.67343 2.56114
6.84 -0.129688 -0.162752 9.59098 1.67371 2.56107
6.85 -0.131289 -0.160059 9.60772 1.67397 2.56101
6.86 -0.132862 -0.157354 9.62446 1.67421 2.56094
6.87 -0.134409 -0.154638 9.64121 1.67442 2.56087
6.88 -0.135928 -0.15191 9.65795 1.6746 2.56079
6.89 -0.137419 -0.149172 9.6747 1.67476 2.56072
6.9 -0.138884 -0.146425 9.69145 1.6749 2.56064
6.91 -0.14032 -0.143667 9.7082 1.67501 2.56056
6.92 -0.141729 -0.140901 9.72495 1.6751 2.56047
6.93 -0.143111 -0.138127 9.7417 1.67516 2.56039
6.94 -0.144464 -0.135345 9.75846 1.6752 2.5603
6.95 -0.14579 -0.132555 9.77521 1.67522 2.56021
6.96 -0.147087 -0.129759 9.79196 1.67521 2.56011
6.97 -0.148357 -0.126956 9.80871 1.67518 2.56002
6.98 -0.149598 -0.124148 9.82546 1.67513 2.55992
6.99 -0.150812 -0.121334 9.84221 1.67506 2.55982
7 -0.151997 -0.118516 9.85896 1.67496 2.55972
7.01 -0.153154 -0.115693 9.87571 1.67485 2.55962
7.02 -0.154282 -0.112866 9.89246 1.67472 2.55951
7.03 -0.155383 -0.110036 9.9092 1.67456 2.55941
7.04 -0.156455 -0.107203 9.92595 1.67439 2.5593
7.05 -0.157498 -0.104367 9.94269 1.67419 2.55919
7.06 -0.158514 -0.10153 9.95943 1.67398 2.55908
7.07 -0.159501 -0.0986908 9.97617 1.67375 2.55897
7.08 -0.160459 -0.0958508 9.9929 1.6735 2.55886
7.09 -0.161389 -0.0930102 10.0096 1.67323 2.55874
7.1 -0.162291 -0.0901694 10.0264 1.67295 2.55862
7.11 -0.163164 -0.0873289 10.0431 1.67265 2.55851
7.12 -0.164009 -0.0844891 10.0598 1.67233 2.55839
7.13 -0.164826 -0.0816504 10.0765 1.672 2.55827
7.14 -0.165614 -0.0788134 10.0933 1.67165 2.55815
7.15 -0.166374 -0.0759784 10.11 1.67129 2.55803
7.16 -0.167105 -0.0731458 10.1267 1.67092 2.55791
7.17 -0.167808 -0.0703161 10.1434 1.67053 2.55779
7.18 -0.168483 -0.0674896 10.1601 1.67012 2.55767
7.19 -0.16913 -0.0646668 10.1768 1.66971 2.55754
7.2 -0.169748 -0.0618481 10.1935 1.66928 2.55742
7.21 -0.170339 -0.0590338 10.2102 1.66884 2.5573
7.22 -0.170901 -0.0562245 10.2268 1.66839 2.55717
7.23 -0.171435 -0.0534204 10.2435 1.66793 2.55705
7.24 -0.171941 -0.0506219 10.2602 1.66746 2.55692
7.25 -0.172419 -0.0478295 10.2769 1.66698 2.5568
7.26 -0.17287 -0.0450435 10.2935 1.66649 2.55667
7.27 -0.173293 -0.0422642 10.3102 1.66599 2.55655
7.28 -0.173687 -0.0394922 10.3268 1.66549 2.55643
7.29 -0.174055 -0.0367276 10.3435 1.66498 2.5563
7.3 -0.174394 -0.0339709 10.3601 1.66446 2.55618
7.31 -0.174707 -0.0312225 10.3768 1.66393 2.55605
7.32 -0.174992 -0.0284826 10.3934 1.6634 2.55593
7.33 -0.175249 -0.0257517 10.41 1.66286 2.55581
7.34 -0.175479 -0.02303 10.4267 1.66232 2.55569
7.35 -0.175683 -0.020318 10.4433 1.66177 2.55557
7.36 -0.175859 -0.0176159 10.4599 1.66122 2.55545
7.37 -0.176008 -0.0149241 10.4765 1.66067 2.55532
7.38 -0.17613 -0.0122429 10.4931 1.66011 2.55521
7.39 -0.176226 -0.00957269 10.5097 1.65955 2.55509
7.4 -0.176295 -0.00691368 10.5263 1.65899 2.55497
7.41 -0.176338 -0.00426624 10.5429 1.65843 2.55485
7.42 -0.176354 -0.00163067 10.5595 1.65787 2.55474
7.43 -0.176344 0.000992725 10.576 1.65731 2.55462
7.44 -0.176308 0.00360364 10.5926 1.65675 2.55451
7.45 -0.176246 0.00620177 10.6092 1.65619 2.5544
7.46 -0.176158 0.00878684 10.6257 1.65563 2.55429
7.47 -0.176045 0.0113585 10.6423 1.65507 2.55418
7.48 -0.175906 0.0139166 10.6588 1.65452 2.55407
7.49 -0.175741 0.0164607 10.6753 1.65396 2.55396
7.5 -0.175551 0.0189907 10.6919 1.65342 2.55385
7.51 -0.175336 0.0215061 10.7084 1.65287 2.55375
7.52 -0.175096 0.0240068 10.7249 1.65233 2.55365
7.53 -0.174831 0.0264925 10.7414 1.65179 2.55355
7.54 -0.174541 0.0289629 10.758 1.65126 2.55345
7.55 -0.174227 0.0314178 10.7745 1.65073 2.55335
7.56 -0.173889 0.033857 10.791 1.65021 2.55325
7.57 -0.173526 0.0362801 10.8075 1.6497 2.55316
7.58 -0.173139 0.0386869 10.824 1.64919 2.55307
7.59 -0.172728 0.0410772 10.8404 1.64869 2.55298
7.6 -0.172294 0.0434507 10.8569 1.6482 2.55289
7.61 -0.171836 0.0458073 10.8734 1.64772 2.5528
7.62 -0.171354 0.0481466 10.8899 1.64724 2.55271
7.63 -0.170849 0.0504685 10.9063 1.64678 2.55263
7.64 -0.170322 0.0527728 10.9228 1.64632 2.55255
7.65 -0.169771 0.0550591 10.9393 1.64587 2.55247
7.66 -0.169198 0.0573274 10.9557 1.64543 2.55239
7.67 -0.168602 0.0595774 10.9722 1.64501 2.55232
7.68 -0.167984 0.0618088 10.9886 1.64459 2.55225
7.69 -0.167344 0.0640216 11.0051 1.64418 2.55217
7.7 -0.166682 0.0662154 11.0215 1.64379 2.55211
7.71 -0.165998 0.0683901 11.0379 1.6434 2.55204
7.72 -0.165292 0.0705455 11.0544 1.64303 2.55198
7.73 -0.164565 0.0726815 11.0708 1.64267 2.55191
7.74 -0.163817 0.0747978 11.0872 1.64232 2.55185
7.75 -0.163049 0.0768942 11.1036 1.64199 2.5518
7.76 -0.162259 0.0789706 11.12 1.64167 2.55174
7.77 -0.161449 0.0810268 11.1365 1.64136 2.55169
7.78 -0.160618 0.0830627 11.1529 1.64107 2.55164
7.79 -0.159767 0.085078 11.1693 1.64079 2.55159
7.8 -0.158896 0.0870726 11.1857 1.64052 2.55154
7.81 -0.158006 0.0890464 11.2021 1.64027 2.5515
7.82 -0.157096 0.0909992 11.2185 1.64003 2.55146
7.83 -0.156167 0.0929308 11.2349 1.63981 2.55142
7.84 -0.155218 0.0948411 11.2513 1.6396 2.55138
7.85 -0.154251 0.09673 11.2677 1.6394 2.55135
7.86 -0.153265 0.0985973 11.2841 1.63923 2.55132
7.87 -0.152261 0.100443 11.3005 1.63906 2.55129
7.88 -0.151238 0.102267 11.3168 1.63892 2.55126
7.89 -0.150197 0.104068 11.3332 1.63878 2.55124
7.9 -0.149139 0.105848 11.3496 1.63867 2.55121
7.91 -0.148063 0.107606 11.366 1.63857 2.55119
7.92 -0.146969 0.109341 11.3824 1.63848 2.55118
7.93 -0.145859 0.111053 11.3988 1.63842 2.55116
7.94 -0.144731 0.112743 11.4152 1.63836 2.55115
7.95 -0.143587 0.114411 11.4315 1.63833 2.55114
7.96 -0.142427 0.116056 11.4479 1.63831 2.55113
7.97 -0.14125 0.117677 11.4643 1.63831 2.55113
7.98 -0.140057 0.119276 11.4807 1.63832 2.55112
7.99 -0.138849 0.120852 11.4971 1.63835 2.55112
8 -0.137625 0.122405 11.5135 1.6384 2.55112
8.01 -0.136385 0.123934 11.5298 1.63846 2.55113
8.02 -0.135131 0.12544 11.5462 1.63854 2.55113
8.03 -0.133862 0.126923 11.5626 1.63864 2.55114
8.04 -0.132578 0.128382 11.579 1.63876 2.55115
8.05 -0.13128 0.129818 11.5954 1.63889 2.55117
8.06 -0.129967 0.13123 11.6118 1.63903 2.55118
8.07 -0.128641 0.132618 11.6282 1.6392 2.5512
8.08 -0.127301 0.133983 11.6446 1.63938 2.55122
8.09 -0.125948 0.135324 11.661 1.63958 2.55124
8.1 -0.124582 0.136641 11.6774 1.63979 2.55126
8.11 -0.123202 0.137934 11.6938 1.64002 2.55129
8.12 -0.12181 0.139203 11.7102 1.64026 2.55132
8.13 -0.120406 0.140448 11.7266 1.64053 2.55135
8.14 -0.118989 0.14167 11.743 1.64081 2.55138
8.15 -0.11756 0.142867 11.7594 1.6411 2.55142
8.16 -0.11612 0.14404 11.7758 1.64141 2.55145
8.17 -0.114668 0.145189 11.7922 1.64174 2.55149
8.18 -0.113205 0.146313 11.8086 1.64208 2.55153
8.19 -0.111731 0.147414 11.8251 1.64244 2.55157
8.2 -0.110246 0.14849 11.8415 1.64281 2.55162
8.21 -0.108751 0.149543 11.8579 1.6432 2.55166
8.22 -0.107245 0.150571 11.8744 1.6436 2.55171
8.23 -0.105729 0.151574 11.8908 1.64402 2.55176
8.24 -0.104204 0.152554 11.9073 1.64446 2.55181
8.25 -0.102668 0.153509 11.9237 1.64491 2.55186
8.26 -0.101124 0.15444 11.9402 1.64537 2.55192
8.27 -0.0995706 0.155347 11.9566 1.64585 2.55197
8.28 -0.0980083 0.156229 11.9731 1.64634 2.55203
8.29 -0.0964374 0.157088 11.9895 1.64684 2.55209
8.3 -0.0948582 0.157922 12.006 1.64736 2.55215
8.31 -0.0932709 0.158731 12.0225 1.64789 2.55221
8.32 -0.0916757 0.159517 12.039 1.64844 2.55228
8.33 -0.0900729 0.160279 12.0555 1.649 2.55234
8.34 -0.0884627 0.161016 12.072 1.64957 2.55241
8.35 -0.0868455 0.161729 12.0885 1.65015 2.55248
8.36 -0.0852213 0.162418 12.105 1.65075 2.55254
8.37 -0.0835904 0.163084 12.1215 1.65136 2.55261
8.38 -0.0819532 0.163725 12.138 1.65198 2.55269
8.39 -0.0803098 0.164342 12.1545 1.65261 2.55276
8.4 -0.0786604 0.164935 12.1711 1.65325 2.55283
8.41 -0.0770054 0.165504 12.1876 1.65391 2.55291
8.42 -0.0753449 0.16605 12.2042 1.65457 2.55298
8.43 -0.0736792 0.166572 12.2207 1.65525 2.55306
8.44 -0.0720085 0.16707 12.2373 1.65594 2.55314
8.45 -0.070333 0.167544 12.2538 1.65663 2.55321
8.46 -0.0686531 0.167995 12.2704 1.65734 2.55329
8.47 -0.0669689 0.168422 12.287 1.65805 2.55337
8.48 -0.0652806 0.168826 12.3036 1.65878 2.55345
8.49 -0.0635885 0.169206 12.3202 1.65951 2.55353
8.5 -0.0618929 0.169563 12.3368 1.66025 2.55362
8.51 -0.0601939 0.169897 12.3534 1.661 2.5537
8.52 -0.0584919 0.170207 12.37 1.66175 2.55378
8.53 -0.0567869 0.170495 12.3866 1.66252 2.55386
8.54 -0.0550793 0.170759 12.4033 1.66329 2.55395
8.55 -0.0533693 0.171001 12.4199 1.66407 2.55403
8.56 -0.0516571 0.171219 12.4365 1.66486 2.55412
8.57 -0.049943 0.171415 12.4532 1.66565 2.5542
8.58 -0.0482271 0.171588 12.4699 1.66644 2.55429
8.59 -0.0465097 0.171739 12.4865 1.66725 2.55437
8.6 -0.044791 0.171867 12.5032 1.66806 2.55446
8.61 -0.0430713 0.171973 12.5199 1.66887 2.55454
8.62 -0.0413508 0.172056 12.5366 1.66969 2.55463
8.63 -0.0396296 0.172118 12.5533 1.67051 2.55471
8.64 -0.037908 0.172157 12.57 1.67134 2.5548
8.65 -0.0361863 0.172174 12.5867 1.67217 2.55488
8.66 -0.0344646 0.17217 12.6035 1.673 2.55497
8.67 -0.0327431 0.172143 12.6202 1.67384 2.55506
8.68 -0.0310222 0.172096 12.637 1.67468 2.55514
8.69 -0.0293019 0.172026 12.6537 1.67552 2.55523
8.7 -0.0275826 0.171936 12.6705 1.67636 2.55531
8.71 -0.0258643 0.171824 12.6873 1.67721 2.55539
8.72 -0.0241474 0.171691 12.704 1.67806 2.55548
8.73 -0.0224321 0.171537 12.7208 1.67891 2.55556
8.74 -0.0207184 0.171362 12.7376 1.67976 2.55564
8.75 -0.0190068 0.171166 12.7544 1.68061 2.55573
8.76 -0.0172973 0.17095 12.7712 1.68146 2.55581
8.77 -0.0155902 0.170713 12.7881 1.68231 2.55589
8.78 -0.0138856 0.170456 12.8049 1.68316 2.55597
8.79 -0.0121838 0.170179 12.8217 1.68401 2.55605
8.8 -0.010485 0.169881 12.8386 1.68485 2.55613
8.81 -0.00878935 0.169564 12.8554 1.6857 2.55621
8.82 -0.00709708 0.169227 12.8723 1.68654 2.55629
8.83 -0.00540837 0.168871 12.8892 1.68739 2.55636
8.84 -0.00372342 0.168495 12.9061 1.68823 2.55644
8.85 -0.00204243 0.168099 12.923 1.68907 2.55652
8.86 -0.000365581 0.167685 12.9398 1.6899 2.55659
8.87 0.00130693 0.167251 12.9568 1.69073 2.55666
8.88 0.00297492 0.166799 12.9737 1.69156 2.55674
8.89 0.0046382 0.166328 12.9906 1.69239 2.55681
8.9 0.00629658 0.165838 13.0075 1.69321 2.55688
8.91 0.00794988 0.16533 13.0245 1.69402 2.55695
8.92 0.00959792 0.164804 13.0414 1.69484 2.55702
8.93 0.0112405 0.16426 13.0584 1.69564 2.55708
8.94 0.0128775 0.163697 13.0753 1.69644 2.55715
8.95 0.0145087 0.163117 13.0923 1.69724 2.55721
8.96 0.0161339 0.16252 13.1093 1.69803 2.55728
8.97 0.0177529 0.161905 13.1263 1.69882 2.55734
8.98 0.0193656 0.161273 13.1433 1.6996 2.5574
8.99 0.0209719 0.160623 13.1603 1.70037 2.55746
9 0.0225714 0.159957 13.1773 1.70113 2.55752
9.01 0.0241642 0.159274 13.1943 1.70189 2.55758
9.02 0.0257499 0.158575 13.2113 1.70265 2.55763
9.03 0.0273285 0.157859 13.2284 1.70339 2.55769
9.04 0.0288998 0.157127 13.2454 1.70413 2.55774
9.05 0.0304636 0.156379 13.2625 1.70486 2.55779
9.06 0.0320197 0.155615 13.2795 1.70558 2.55784
9.07 0.0335681 0.154835 13.2966 1.70629 2.55789
9.08 0.0351085 0.15404 13.3136 1.707 2.55794
9.09 0.0366408 0.15323 13.3307 1.70769 2.55798
9.1 0.0381648 0.152404 13.3478 1.70838 2.55803
9.11 0.0396804 0.151563 13.3649 1.70906 2.55807
9.12 0.0411875 0.150708 13.382 1.70973 2.55811
9.13 0.0426859 0.149838 13.3991 1.71039 2.55815
9.14 0.0441754 0.148954 13.4162 1.71104 2.55819
9.15 0.045656 0.148055 13.4333 1.71168 2.55823
9.16 0.0471274 0.147142 13.4505 1.71231 2.55826
9.17 0.0485896 0.146216 13.4676 1.71293 2.55829
9.18 0.0500423 0.145275 13.4847 1.71354 2.55832
9.19 0.0514855 0.144321 13.5019 1.71414 2.55835
9.2 0.0529191 0.143354 13.519 1.71473 2.55838
9.21 0.0543428 0.142374 13.5362 1.71531 2.55841
9.22 0.0557566 0.141381 13.5533 1.71588 2.55843
9.23 0.0571604 0.140375 13.5705 1.71644 2.55846
9.24 0.0585539 0.139357 13.5876 1.71698 2.55848
9.25 0.0599372 0.138326 13.6048 1.71752 2.5585
9.26 0.06131 0.137282 13.622 1.71804 2.55852
9.27 0.0626723 0.136227 13.6392 1.71855 2.55853
9.28 0.0640239 0.13516 13.6564 1.71906 2.55855
9.29 0.0653647 0.134082 13.6736 1.71955 2.55856
9.3 0.0666946 0.132992 13.6908 1.72003 2.55857
9.31 0.0680135 0.131891 13.708 1.72049 2.55858
9.32 0.0693213 0.130778 13.7252 1.72095 2.55859
9.33 0.0706179 0.129655 13.7424 1.72139 2.5586
9.34 0.0719031 0.128521 13.7596 1.72182 2.5586
9.35 0.0731769 0.127377 13.7768 1.72224 2.55861
9.36 0.0744391 0.126222 13.7941 1.72265 2.55861
9.37 0.0756896 0.125057 13.8113 1.72304 2.55861
9.38 0.0769285 0.123882 13.8285 1.72343 2.55861
9.39 0.0781554 0.122697 13.8458 1.7238 2.55861
9.4 0.0793705 0.121503 13.863 1.72416 2.5586
9.41 0.0805735 0.1203 13.8803 1.72451 2.55859
9.42 0.0817643 0.119087 13.8975 1.72484 2.55859
9.43 0.082943 0.117865 13.9148 1.72516 2.55858
9.44 0.0841093 0.116635 13.932 1.72547 2.55857
9.45 0.0852633 0.115396 13.9493 1.72577 2.55855
9.46 0.0864048 0.114148 13.9665 1.72606 2.55854
9.47 0.0875337 0.112892 13.9838 1.72633 2.55852
9.48 0.08865 0.111628 14.0011 1.72659 2.5585
9.49 0.0897535 0.110356 14.0183 1.72684 2.55849
9.5 0.0908443 0.109077 14.0356 1.72708 2.55847
9.51 0.0919222 0.10779 14.0529 1.72731 2.55844
9.52 0.0929872 0.106496 14.0702 1.72752 2.55842
9.53 0.0940391 0.105194 14.0874 1.72772 2.5584
9.54 0.095078 0.103886 14.1047 1.72791 2.55837
9.55 0.0961037 0.10257 14.122 1.72809 2.55834
9.56 0.0971162 0.101249 14.1393 1.72825 2.55831
9.57 0.0981154 0.0999205 14.1566 1.72841 2.55828
9.58 0.0991012 0.098586 14.1738 1.72855 2.55825
9.59 0.100074 0.0972455 14.1911 1.72868 2.55822
9.6 0.101033 0.0958992 14.2084 1.7288 2.55818
9.61 0.101978 0.0945471 14.2257 1.72891 2.55815
9.62 0.10291 0.0931896 14.243 1.729 2.55811
9.63 0.103828 0.0918267 14.2603 1.72909 2.55807
9.64 0.104733 0.0904587 14.2776 1.72916 2.55803
9.65 0.105624 0.0890857 14.2949 1.72922 2.55799
9.66 0.106501 0.087708 14.3122 1.72927 2.55795
9.67 0.107364 0.0863256 14.3295 1.72931 2.55791
9.68 0.108213 0.0849387 14.3467 1.72934 2.55786
9.69 0.109049 0.0835477 14.364 1.72936 2.55782
9.7 0.10987 0.0821525 14.3813 1.72937 2.55777
9.71 0.110678 0.0807534 14.3986 1.72936 2.55772
9.72 0.111472 0.0793505 14.4159 1.72935 2.55767
9.73 0.112251 0.0779441 14.4332 1.72933 2.55762
9.74 0.113016 0.0765343 14.4505 1.72929 2.55757
9.75 0.113768 0.0751213 14.4678 1.72925 2.55752
9.76 0.114505 0.0737052 14.4851 1.7292 2.55747
9.77 0.115227 0.0722862 14.5024 1.72913 2.55741
9.78 0.115936 0.0708645 14.5197 1.72906 2.55736
9.79 0.11663 0.0694402 14.537 1.72898 2.5573
9.8 0.117311 0.0680136 14.5543 1.72889 2.55725
9.81 0.117976 0.0665847 14.5715 1.72879 2.55719
9.82 0.118628 0.0651538 14.5888 1.72868 2.55713
9.83 0.119265 0.0637209 14.6061 1.72856 2.55707
9.84 0.119888 0.0622864 14.6234 1.72843 2.55701
9.85 0.120497 0.0608503 14.6407 1.7283 2.55695
9.86 0.121091 0.0594128 14.658 1.72815 2.55689
9.87 0.12167 0.057974 14.6752 1.728 2.55683
9.88 0.122236 0.0565341 14.6925 1.72784 2.55677
9.89 0.122787 0.0550934 14.7098 1.72767 2.5567
9.9 0.123323 0.0536518 14.7271 1.7275 2.55664
9.91 0.123845 0.0522097 14.7443 1.72731 2.55658
9.92 0.124353 0.0507671 14.7616 1.72712 2.55651
9.93 0.124846 0.0493241 14.7789 1.72693 2.55645
9.94 0.125325 0.0478811 14.7962 1.72672 2.55638
9.95 0.125789 0.046438 14.8134 1.72651 2.55632
9.96 0.126239 0.0449951 14.8307 1.7263 2.55625
9.97 0.126675 0.0435525 14.8479 1.72607 2.55618
9.98 0.127096 0.0421104 14.8652 1.72584 2.55611
9.99 0.127503 0.0406689 14.8825 1.72561 2.55605
10 0.127895 0.0392281 14.8997 1.72536 2.55598
