0 0.959556 -1.40444 0.984742 -0.152579 2.27405
0.1 0.683706 -2.7585 0.971273 -0.134693 2.1097
0.2 0.297717 -3.85989 0.982923 0.116503 2.36013
0.3 -0.126152 -4.23869 1.03357 0.506474 3.06921
0.4 -0.489297 -3.63144 1.11526 0.816882 3.49631
0.5 -0.732831 -2.43534 1.2079 0.926414 3.30685
0.6 -0.851731 -1.189 1.29517 0.872677 2.9274
0.7 -0.863058 -0.11327 1.37011 0.749428 2.62282
0.8 -0.78575 0.773072 1.43426 0.641517 2.42805
0.9 -0.637639 1.48112 1.49503 0.607655 2.35303
1 -0.438817 1.98821 1.56226 0.672317 2.42929
1.1 -0.214251 2.24566 1.64417 0.819085 2.64668
1.2 0.00831856 2.2257 1.74397 0.99801 2.89519
1.3 0.204663 1.96345 1.85922 1.15253 3.03343
1.4 0.359438 1.54775 1.98396 1.24734 3.01343
1.5 0.466812 1.07374 2.11163 1.27677 2.88803
1.6 0.527615 0.608032 2.23723 1.25596 2.73112
1.7 0.546127 0.185121 2.35807 1.20846 2.58973
1.8 0.528032 -0.180952 2.47383 1.15755 2.48447
1.9 0.479535 -0.484971 2.58599 1.12159 2.4232
2 0.407129 -0.724056 2.69718 1.1119 2.40864
2.1 0.317558 -0.895716 2.81038 1.13203 2.43844
2.2 0.217693 -0.998645 2.92821 1.17834 2.50251
2.3 0.114243 -1.03451 3.0524 1.24182 2.58269
2.4 0.0133245 -1.00918 3.18349 1.31091 2.65723
2.5 -0.0799421 -0.932666 3.32094 1.37453 2.70804
2.6 -0.161699 -0.817566 3.46338 1.42439 2.72611
2.7 -0.229405 -0.677063 3.609 1.45616 2.71227
2.8 -0.281718 -0.523132 3.75593 1.46937 2.67416
2.9 -0.318274 -0.365557 3.9026 1.46663 2.62201
3 -0.339446 -0.21172 4.04784 1.45246 2.56553
3.1 -0.346136 -0.0668981 4.19106 1.43221 2.51249
3.2 -0.339612 0.0652413 4.33218 1.41113 2.46845
3.3 -0.321395 0.182168 4.47155 1.39375 2.43701
3.4 -0.293181 0.282139 4.60989 1.38339 2.42003
3.5 -0.256781 0.363999 4.74809 1.38197 2.41782
3.6 -0.214071 0.427102 4.88709 1.39 2.42914
3.7 -0.16694 0.47131 5.02776 1.40668 2.4513
3.8 -0.117238 0.497019 5.17077 1.4302 2.48048
3.9 -0.0667206 0.505173 5.31658 1.45804 2.51223
4 -0.0169979 0.497227 5.46532 1.48745 2.54211
4.1 0.0305084 0.475063 5.6169 1.51574 2.56638
4.2 0.0745949 0.440865 5.77096 1.54067 2.58244
4.3 0.114292 0.396975 5.92702 1.56056 2.58907
4.4 0.148867 0.345748 6.08447 1.57449 2.58633
4.5 0.177811 0.28944 6.24269 1.5822 2.57534
4.6 0.200823 0.230118 6.4011 1.58408 2.55793
4.7 0.217785 0.16962 6.5592 1.58104 2.53626
4.8 0.228738 0.109532 6.71663 1.57429 2.51259
4.9 0.233858 0.0511964 6.87316 1.56526 2.48901
5 0.233431 -0.00426712 7.0287 1.5554 2.46735
5.1 0.227837 -0.0559411 7.18331 1.54609 2.44907
5.2 0.217528 -0.103085 7.33715 1.53848 2.43524
5.3 0.203017 -0.145115 7.4905 1.53349 2.42654
5.4 0.184858 -0.181592 7.64368 1.53173 2.4232
5.5 0.163637 -0.212209 7.79702 1.53347 2.42508
5.6 0.139958 -0.236788 7.95089 1.53868 2.43163
5.7 0.114431 -0.255273 8.1056 1.54705 2.44202
5.8 0.087658 -0.267727 8.2614 1.55804 2.45517
5.9 0.0602252 -0.274329 8.41849 1.57094 2.46984
6 0.0326894 -0.275357 8.57699 1.58495 2.48478
6.1 0.00557087 -0.271186 8.73691 1.59925 2.4988
6.2 -0.0206554 -0.262263 8.89822 1.61306 2.51086
6.3 -0.045565 -0.249096 9.06079 1.62567 2.52016
6.4 -0.0687886 -0.232236 9.22444 1.63653 2.52619
6.5 -0.0900139 -0.212253 9.38896 1.64523 2.52869
6.6 -0.108987 -0.189726 9.55412 1.65153 2.5277
6.7 -0.125509 -0.165226 9.71965 1.65537 2.52347
6.8 -0.139439 -0.139302 9.88534 1.65686 2.51646
6.9 -0.150687 -0.112476 10.051 1.65622 2.50724
7 -0.15921 -0.0852322 10.2163 1.65379 2.49648
7.1 -0.165012 -0.0580181 10.3813 1.65 2.48487
7.2 -0.168136 -0.0312386 10.5459 1.64531 2.4731
7.3 -0.168662 -0.00525731 10.7099 1.64021 2.46182
7.4 -0.166701 0.0196035 10.8734 1.63517 2.45158
7.5 -0.162395 0.0430622 11.0365 1.63061 2.44286
7.6 -0.155907 0.0648761 11.1992 1.62691 2.43602
7.7 -0.147423 0.0848408 11.3616 1.62437 2.4313
7.8 -0.137144 0.102789 11.5239 1.6232 2.42884
7.9 -0.125286 0.118589 11.6863 1.62353 2.42864
8 -0.112071 0.132144 11.8488 1.62538 2.43058
8.1 -0.0977318 0.143393 12.0117 1.6287 2.43445
8.2 -0.0825012 0.152306 12.175 1.63338 2.43995
8.3 -0.0666126 0.158886 12.3389 1.63921 2.44672
8.4 -0.0502961 0.163166 12.5035 1.64596 2.45433
8.5 -0.0337755 0.165206 12.6689 1.65335 2.46235
8.6 -0.017266 0.165095 12.835 1.66108 2.47035
8.7 -0.000971894 0.162941 13.0019 1.66885 2.47791
8.8 0.0149157 0.158876 13.1695 1.6764 2.48468
8.9 0.0302204 0.153047 13.3378 1.68345 2.49035
9 0.0447817 0.145613 13.5068 1.68978 2.49468
9.1 0.0584564 0.136747 13.6764 1.69523 2.49753
9.2 0.0711188 0.126625 13.8463 1.69965 2.49881
9.3 0.0826617 0.115429 14.0166 1.70297 2.49853
9.4 0.0929958 0.103341 14.1871 1.70518 2.49676
9.5 0.10205 0.0905417 14.3578 1.70628 2.49364
9.6 0.109771 0.0772083 14.5284 1.70637 2.48935
9.7 0.116122 0.0635119 14.6989 1.70553 2.48411
9.8 0.121084 0.0496164 14.8693 1.70393 2.47818
9.9 0.124651 0.035678 15.0395 1.70171 2.47181
10 0.126836 0.021843 15.2094 1.69906 2.46527
