0.001 1.11532
0.002 1.22577
0.003 1.33197
0.004 1.43442
0.005 1.53352
0.006 1.62962
0.007 1.723
0.008 1.81392
0.009 1.90256
0.01 1.98909
0.011 2.07372
0.012 2.15652
0.013 2.23767
0.014 2.31723
0.015 2.39537
0.016 2.47201
0.017 2.54746
0.018 2.62164
0.019 2.69461
0.02 2.76644
0.021 2.83736
0.022 2.90707
0.023 2.97603
0.024 3.04384
0.025 3.11084
0.026 3.17707
0.027 3.24249
0.028 3.30709
0.029 3.3709
0.03 3.43396
0.031 3.49628
0.032 3.55799
0.033 3.61918
0.034 3.67972
0.035 3.73937
0.036 3.79853
0.037 3.85744
0.038 3.91532
0.039 3.97289
0.04 4.03008
0.041 4.0863
0.042 4.14266
0.043 4.19781
0.044 4.25326
0.045 4.30744
0.046 4.362
0.047 4.41533
0.048 4.46889
0.049 4.52165
0.05 4.57395
0.051 4.6264
0.052 4.67757
0.053 4.72919
0.054 4.78017
0.055 4.83026
0.056 4.88093
0.057 4.93073
0.058 4.97976
0.059 5.02937
0.06 5.07834
0.061 5.12629
0.062 5.17466
0.063 5.22303
0.064 5.27023
0.065 5.31712
0.066 5.36455
0.067 5.41158
0.068 5.45751
0.069 5.50327
0.07 5.54957
0.071 5.59559
0.072 5.64056
0.073 5.68506
0.074 5.73
0.075 5.77514
0.076 5.81958
0.077 5.8631
0.078 5.90644
0.079 5.95023
0.08 5.99417
0.081 6.03749
0.082 6.07991
0.083 6.12196
0.084 6.16431
0.085 6.20703
0.086 6.24957
0.087 6.29136
0.088 6.33238
0.089 6.37315
0.09 6.4142
0.091 6.45561
0.092 6.49698
0.093 6.53777
0.094 6.57779
0.095 6.6173
0.096 6.65678
0.097 6.69659
0.098 6.7367
0.099 6.77673
0.1 6.81628
0.101 6.85512
0.102 6.8934
0.103 6.93146
0.104 6.96967
0.105 7.0082
0.106 7.04694
0.107 7.08557
0.108 7.12376
0.109 7.16134
0.11 7.19834
0.111 7.23501
0.112 7.27166
0.113 7.30853
0.114 7.34568
0.115 7.38298
0.116 7.42018
0.117 7.45701
0.118 7.4933
0.119 7.52905
0.12 7.56437
0.121 7.59951
0.122 7.63469
0.123 7.67007
0.124 7.70569
0.125 7.74147
0.126 7.77721
0.127 7.81271
0.128 7.8478
0.129 7.8824
0.13 7.91652
0.131 7.95028
0.132 7.98386
0.133 8.01743
0.134 8.05114
0.135 8.08505
0.136 8.11915
0.137 8.15334
0.138 8.18747
0.139 8.2214
0.14 8.25498
0.141 8.28814
0.142 8.32086
0.143 8.35319
0.144 8.38525
0.145 8.41716
0.146 8.44906
0.147 8.48106
0.148 8.51322
0.149 8.54554
0.15 8.578
0.151 8.6105
0.152 8.64293
0.153 8.67518
0.154 8.70714
0.155 8.73875
0.156 8.76998
0.157 8.80083
0.158 8.83137
0.159 8.86167
0.16 8.89183
0.161 8.92195
0.162 8.95211
0.163 8.98238
0.164 9.01279
0.165 9.04334
0.166 9.07399
0.167 9.10468
0.168 9.13534
0.169 9.16588
0.17 9.19622
0.171 9.2263
0.172 9.25607
0.173 9.2855
0.174 9.31461
0.175 9.34342
0.176 9.37199
0.177 9.40036
0.178 9.42862
0.179 9.45684
0.18 9.48507
0.181 9.51338
0.182 9.54178
0.183 9.57029
0.184 9.59891
0.185 9.62761
0.186 9.65635
0.187 9.68508
0.188 9.71374
0.189 9.74227
0.19 9.77062
0.191 9.79875
0.192 9.82661
0.193 9.85419
0.194 9.88148
0.195 9.9085
0.196 9.93527
0.197 9.96182
0.198 9.9882
0.199 10.0145
0.2 10.0406
0.201 10.0668
0.202 10.0929
0.203 10.1191
0.204 10.1454
0.205 10.1718
0.206 10.1982
0.207 10.2247
0.208 10.2513
0.209 10.2779
0.21 10.3045
0.211 10.3311
0.212 10.3576
0.213 10.3839
0.214 10.4101
0.215 10.4362
0.216 10.462
0.217 10.4875
0.218 10.5129
0.219 10.538
0.22 10.5628
0.221 10.5874
0.222 10.6119
0.223 10.6361
0.224 10.6602
0.225 10.6842
0.226 10.7081
0.227 10.732
0.228 10.7559
0.229 10.7797
0.23 10.8036
0.231 10.8276
0.232 10.8516
0.233 10.8757
0.234 10.8998
0.235 10.924
0.236 10.9482
0.237 10.9724
0.238 10.9967
0.239 11.0209
0.24 11.0451
0.241 11.0692
0.242 11.0932
0.243 11.1171
0.244 11.1408
0.245 11.1644
0.246 11.1878
0.247 11.211
0.248 11.2339
0.249 11.2567
0.25 11.2793
0.251 11.3017
0.252 11.3239
0.253 11.3459
0.254 11.3677
0.255 11.3895
0.256 11.411
0.257 11.4325
0.258 11.4539
0.259 11.4753
0.26 11.4966
0.261 11.5179
0.262 11.5391
0.263 11.5604
0.264 11.5817
0.265 11.6031
0.266 11.6245
0.267 11.6459
0.268 11.6674
0.269 11.6889
0.27 11.7104
0.271 11.732
0.272 11.7535
0.273 11.7751
0.274 11.7967
0.275 11.8182
0.276 11.8397
0.277 11.8611
0.278 11.8824
0.279 11.9037
0.28 11.9248
0.281 11.9458
0.282 11.9666
0.283 11.9874
0.284 12.0079
0.285 12.0283
0.286 12.0485
0.287 12.0686
0.288 12.0885
0.289 12.1082
0.29 12.1277
0.291 12.1471
0.292 12.1663
0.293 12.1854
0.294 12.2043
0.295 12.2232
0.296 12.2419
0.297 12.2605
0.298 12.279
0.299 12.2975
0.3 12.3159
0.301 12.3343
0.302 12.3526
0.303 12.3709
0.304 12.3892
0.305 12.4075
0.306 12.4258
0.307 12.4441
0.308 12.4625
0.309 12.4808
0.31 12.4992
0.311 12.5176
0.312 12.536
0.313 12.5545
0.314 12.5729
0.315 12.5914
0.316 12.6099
0.317 12.6283
0.318 12.6468
0.319 12.6652
0.32 12.6836
0.321 12.702
0.322 12.7203
0.323 12.7386
0.324 12.7568
0.325 12.7749
0.326 12.7929
0.327 12.8109
0.328 12.8287
0.329 12.8464
0.33 12.864
0.331 12.8815
0.332 12.8988
0.333 12.916
0.334 12.9331
0.335 12.95
0.336 12.9668
0.337 12.9834
0.338 12.9999
0.339 13.0162
0.34 13.0324
0.341 13.0485
0.342 13.0644
0.343 13.0802
0.344 13.0959
0.345 13.1115
0.346 13.127
0.347 13.1424
0.348 13.1576
0.349 13.1728
0.35 13.1879
0.351 13.203
0.352 13.218
0.353 13.2329
0.354 13.2478
0.355 13.2626
0.356 13.2774
0.357 13.2922
0.358 13.3069
0.359 13.3217
0.36 13.3364
0.361 13.3512
0.362 13.3659
0.363 13.3806
0.364 13.3954
0.365 13.4101
0.366 13.4249
0.367 13.4396
0.368 13.4544
0.369 13.4691
0.37 13.4839
0.371 13.4987
0.372 13.5135
0.373 13.5282
0.374 13.543
0.375 13.5577
0.376 13.5725
0.377 13.5872
0.378 13.6019
0.379 13.6165
0.38 13.6312
0.381 13.6457
0.382 13.6603
0.383 13.6747
0.384 13.6891
0.385 13.7035
0.386 13.7178
0.387 13.732
0.388 13.7461
0.389 13.7601
0.39 13.774
0.391 13.7879
0.392 13.8016
0.393 13.8152
0.394 13.8288
0.395 13.8422
0.396 13.8555
0.397 13.8687
0.398 13.8817
0.399 13.8947
0.4 13.9075
0.401 13.9202
0.402 13.9328
0.403 13.9453
0.404 13.9576
0.405 13.9699
0.406 13.982
0.407 13.994
0.408 14.0059
0.409 14.0177
0.41 14.0293
0.411 14.0409
0.412 14.0524
0.413 14.0638
0.414 14.075
0.415 14.0862
0.416 14.0974
0.417 14.1084
0.418 14.1194
0.419 14.1303
0.42 14.1411
0.421 14.1519
0.422 14.1626
0.423 14.1732
0.424 14.1838
0.425 14.1944
0.426 14.2049
0.427 14.2154
0.428 14.2259
0.429 14.2363
0.43 14.2467
0.431 14.2571
0.432 14.2674
0.433 14.2778
0.434 14.2881
0.435 14.2984
0.436 14.3087
0.437 14.319
0.438 14.3293
0.439 14.3395
0.44 14.3498
0.441 14.3601
0.442 14.3703
0.443 14.3806
0.444 14.3908
0.445 14.4011
0.446 14.4113
0.447 14.4215
0.448 14.4317
0.449 14.4419
0.45 14.4521
0.451 14.4622
0.452 14.4724
0.453 14.4825
0.454 14.4926
0.455 14.5027
0.456 14.5127
0.457 14.5227
0.458 14.5327
0.459 14.5427
0.46 14.5526
0.461 14.5624
0.462 14.5722
0.463 14.582
0.464 14.5917
0.465 14.6013
0.466 14.6109
0.467 14.6204
0.468 14.6299
0.469 14.6393
0.47 14.6486
0.471 14.6578
0.472 14.667
0.473 14.6761
0.474 14.6851
0.475 14.694
0.476 14.7028
0.477 14.7116
0.478 14.7202
0.479 14.7288
0.48 14.7372
0.481 14.7456
0.482 14.7539
0.483 14.7621
0.484 14.7701
0.485 14.7781
0.486 14.786
0.487 14.7937
0.488 14.8014
0.489 14.809
0.49 14.8165
0.491 14.8238
0.492 14.8311
0.493 14.8383
0.494 14.8453
0.495 14.8523
0.496 14.8592
0.497 14.866
0.498 14.8727
0.499 14.8793
0.5 14.8858
0.501 14.8922
0.502 14.8985
0.503 14.9048
0.504 14.9109
0.505 14.917
0.506 14.923
0.507 14.9289
0.508 14.9348
0.509 14.9405
0.51 14.9463
0.511 14.9519
0.512 14.9575
0.513 14.963
0.514 14.9684
0.515 14.9738
0.516 14.9791
0.517 14.9844
0.518 14.9897
0.519 14.9948
0.52 15
0.521 15.0051
0.522 15.0101
0.523 15.0151
0.524 15.0201
0.525 15.025
0.526 15.0299
0.527 15.0348
0.528 15.0396
0.529 15.0444
0.53 15.0492
0.531 15.0539
0.532 15.0586
0.533 15.0633
0.534 15.068
0.535 15.0727
0.536 15.0773
0.537 15.0819
0.538 15.0865
0.539 15.0911
0.54 15.0957
0.541 15.1002
0.542 15.1048
0.543 15.1093
0.544 15.1138
0.545 15.1183
0.546 15.1227
0.547 15.1272
0.548 15.1316
0.549 15.136
0.55 15.1404
0.551 15.1448
0.552 15.1491
0.553 15.1535
0.554 15.1578
0.555 15.1621
0.556 15.1664
0.557 15.1706
0.558 15.1748
0.559 15.179
0.56 15.1832
0.561 15.1873
0.562 15.1914
0.563 15.1955
0.564 15.1996
0.565 15.2036
0.566 15.2075
0.567 15.2115
0.568 15.2154
0.569 15.2192
0.57 15.223
0.571 15.2268
0.572 15.2305
0.573 15.2342
0.574 15.2378
0.575 15.2414
0.576 15.2449
0.577 15.2484
0.578 15.2518
0.579 15.2552
0.58 15.2585
0.581 15.2617
0.582 15.2649
0.583 15.268
0.584 15.271
0.585 15.274
0.586 15.2769
0.587 15.2798
0.588 15.2825
0.589 15.2852
0.59 15.2879
0.591 15.2904
0.592 15.2929
0.593 15.2953
0.594 15.2976
0.595 15.2999
0.596 15.302
0.597 15.3041
0.598 15.3061
0.599 15.308
0.6 15.3099
0.601 15.3116
0.602 15.3133
0.603 15.3149
0.604 15.3164
0.605 15.3178
0.606 15.3191
0.607 15.3204
0.608 15.3216
0.609 15.3226
0.61 15.3236
0.611 15.3245
0.612 15.3254
0.613 15.3261
0.614 15.3268
0.615 15.3273
0.616 15.3278
0.617 15.3282
0.618 15.3285
0.619 15.3288
0.62 15.3289
0.621 15.329
0.622 15.329
0.623 15.3289
0.624 15.3288
0.625 15.3285
0.626 15.3282
0.627 15.3278
0.628 15.3273
0.629 15.3268
0.63 15.3262
0.631 15.3255
0.632 15.3247
0.633 15.3239
0.634 15.323
0.635 15.322
0.636 15.321
0.637 15.3199
0.638 15.3187
0.639 15.3175
0.64 15.3162
0.641 15.3148
0.642 15.3134
0.643 15.3119
0.644 15.3104
0.645 15.3088
0.646 15.3072
0.647 15.3055
0.648 15.3038
0.649 15.302
0.65 15.3001
0.651 15.2982
0.652 15.2963
0.653 15.2943
0.654 15.2923
0.655 15.2902
0.656 15.2881
0.657 15.286
0.658 15.2838
0.659 15.2815
0.66 15.2793
0.661 15.2769
0.662 15.2746
0.663 15.2722
0.664 15.2698
0.665 15.2674
0.666 15.2649
0.667 15.2624
0.668 15.2598
0.669 15.2573
0.67 15.2547
0.671 15.252
0.672 15.2494
0.673 15.2467
0.674 15.244
0.675 15.2412
0.676 15.2385
0.677 15.2357
0.678 15.2329
0.679 15.2301
0.68 15.2272
0.681 15.2243
0.682 15.2214
0.683 15.2185
0.684 15.2155
0.685 15.2126
0.686 15.2096
0.687 15.2066
0.688 15.2035
0.689 15.2005
0.69 15.1974
0.691 15.1943
0.692 15.1912
0.693 15.188
0.694 15.1848
0.695 15.1816
0.696 15.1784
0.697 15.1752
0.698 15.1719
0.699 15.1686
0.7 15.1653
0.701 15.162
0.702 15.1586
0.703 15.1552
0.704 15.1518
0.705 15.1484
0.706 15.1449
0.707 15.1414
0.708 15.1379
0.709 15.1343
0.71 15.1307
0.711 15.1271
0.712 15.1235
0.713 15.1198
0.714 15.1161
0.715 15.1124
0.716 15.1086
0.717 15.1048
0.718 15.1009
0.719 15.097
0.72 15.0931
0.721 15.0891
0.722 15.0851
0.723 15.0811
0.724 15.077
0.725 15.0729
0.726 15.0687
0.727 15.0645
0.728 15.0603
0.729 15.056
0.73 15.0516
0.731 15.0472
0.732 15.0428
0.733 15.0383
0.734 15.0338
0.735 15.0292
0.736 15.0245
0.737 15.0199
0.738 15.0151
0.739 15.0103
0.74 15.0055
0.741 15.0006
0.742 14.9956
0.743 14.9906
0.744 14.9855
0.745 14.9804
0.746 14.9752
0.747 14.9699
0.748 14.9646
0.749 14.9592
0.75 14.9538
0.751 14.9483
0.752 14.9427
0.753 14.9371
0.754 14.9314
0.755 14.9257
0.756 14.9199
0.757 14.914
0.758 14.908
0.759 14.902
0.76 14.8959
0.761 14.8898
0.762 14.8835
0.763 14.8772
0.764 14.8709
0.765 14.8644
0.766 14.8579
0.767 14.8514
0.768 14.8447
0.769 14.838
0.77 14.8312
0.771 14.8244
0.772 14.8175
0.773 14.8105
0.774 14.8034
0.775 14.7963
0.776 14.789
0.777 14.7818
0.778 14.7744
0.779 14.767
0.78 14.7595
0.781 14.7519
0.782 14.7443
0.783 14.7366
0.784 14.7288
0.785 14.7209
0.786 14.713
0.787 14.705
0.788 14.6969
0.789 14.6888
0.79 14.6806
0.791 14.6723
0.792 14.6639
0.793 14.6555
0.794 14.647
0.795 14.6385
0.796 14.6298
0.797 14.6212
0.798 14.6124
0.799 14.6036
0.8 14.5947
0.801 14.5857
0.802 14.5767
0.803 14.5676
0.804 14.5584
0.805 14.5492
0.806 14.5399
0.807 14.5306
0.808 14.5212
0.809 14.5117
0.81 14.5022
0.811 14.4926
0.812 14.4829
0.813 14.4732
0.814 14.4634
0.815 14.4536
0.816 14.4437
0.817 14.4338
0.818 14.4238
0.819 14.4137
0.82 14.4036
0.821 14.3934
0.822 14.3832
0.823 14.3729
0.824 14.3626
0.825 14.3522
0.826 14.3418
0.827 14.3313
0.828 14.3208
0.829 14.3102
0.83 14.2996
0.831 14.289
0.832 14.2782
0.833 14.2675
0.834 14.2567
0.835 14.2458
0.836 14.235
0.837 14.224
0.838 14.2131
0.839 14.202
0.84 14.191
0.841 14.1799
0.842 14.1688
0.843 14.1576
0.844 14.1464
0.845 14.1351
0.846 14.1239
0.847 14.1126
0.848 14.1012
0.849 14.0898
0.85 14.0784
0.851 14.067
0.852 14.0555
0.853 14.044
0.854 14.0324
0.855 14.0208
0.856 14.0092
0.857 13.9976
0.858 13.9859
0.859 13.9743
0.86 13.9625
0.861 13.9508
0.862 13.939
0.863 13.9272
0.864 13.9154
0.865 13.9036
0.866 13.8917
0.867 13.8798
0.868 13.8679
0.869 13.8559
0.87 13.844
0.871 13.832
0.872 13.82
0.873 13.8079
0.874 13.7959
0.875 13.7838
0.876 13.7717
0.877 13.7596
0.878 13.7474
0.879 13.7353
0.88 13.7231
0.881 13.7109
0.882 13.6987
0.883 13.6865
0.884 13.6742
0.885 13.6619
0.886 13.6496
0.887 13.6373
0.888 13.625
0.889 13.6126
0.89 13.6002
0.891 13.5879
0.892 13.5754
0.893 13.563
0.894 13.5506
0.895 13.5381
0.896 13.5256
0.897 13.5131
0.898 13.5006
0.899 13.488
0.9 13.4755
0.901 13.4629
0.902 13.4503
0.903 13.4377
0.904 13.425
0.905 13.4124
0.906 13.3997
0.907 13.387
0.908 13.3743
0.909 13.3615
0.91 13.3488
0.911 13.336
0.912 13.3232
0.913 13.3103
0.914 13.2975
0.915 13.2846
0.916 13.2717
0.917 13.2588
0.918 13.2458
0.919 13.2329
0.92 13.2199
0.921 13.2068
0.922 13.1938
0.923 13.1807
0.924 13.1676
0.925 13.1545
0.926 13.1413
0.927 13.1282
0.928 13.1149
0.929 13.1017
0.93 13.0884
0.931 13.0751
0.932 13.0618
0.933 13.0485
0.934 13.0351
0.935 13.0217
0.936 13.0082
0.937 12.9947
0.938 12.9812
0.939 12.9676
0.94 12.9541
0.941 12.9404
0.942 12.9268
0.943 12.9131
0.944 12.8994
0.945 12.8856
0.946 12.8718
0.947 12.858
0.948 12.8441
0.949 12.8302
0.95 12.8162
0.951 12.8022
0.952 12.7882
0.953 12.7741
0.954 12.76
0.955 12.7458
0.956 12.7316
0.957 12.7174
0.958 12.7031
0.959 12.6887
0.96 12.6744
0.961 12.6599
0.962 12.6455
0.963 12.631
0.964 12.6164
0.965 12.6018
0.966 12.5871
0.967 12.5724
0.968 12.5577
0.969 12.5429
0.97 12.528
0.971 12.5131
0.972 12.4982
0.973 12.4832
0.974 12.4681
0.975 12.453
0.976 12.4378
0.977 12.4226
0.978 12.4074
0.979 12.3921
0.98 12.3767
0.981 12.3613
0.982 12.3458
0.983 12.3303
0.984 12.3147
0.985 12.299
0.986 12.2833
0.987 12.2676
0.988 12.2518
0.989 12.2359
0.99 12.22
0.991 12.204
0.992 12.188
0.993 12.1719
0.994 12.1557
0.995 12.1395
0.996 12.1233
0.997 12.107
0.998 12.0906
0.999 12.0741
1 12.0576
1.001 12.0411
1.002 12.0245
1.003 12.0078
1.004 11.9911
1.005 11.9743
1.006 11.9574
1.007 11.9405
1.008 11.9236
1.009 11.9065
1.01 11.8895
1.011 11.8723
1.012 11.8551
1.013 11.8379
1.014 11.8205
1.015 11.8032
1.016 11.7857
1.017 11.7682
1.018 11.7507
1.019 11.7331
1.02 11.7154
1.021 11.6977
1.022 11.6799
1.023 11.6621
1.024 11.6442
1.025 11.6262
1.026 11.6082
1.027 11.5901
1.028 11.572
1.029 11.5538
1.03 11.5356
1.031 11.5173
1.032 11.499
1.033 11.4806
1.034 11.4621
1.035 11.4436
1.036 11.425
1.037 11.4064
1.038 11.3878
1.039 11.369
1.04 11.3503
1.041 11.3314
1.042 11.3126
1.043 11.2936
1.044 11.2747
1.045 11.2556
1.046 11.2366
1.047 11.2174
1.048 11.1983
1.049 11.179
1.05 11.1598
1.051 11.1405
1.052 11.1211
1.053 11.1017
1.054 11.0822
1.055 11.0627
1.056 11.0432
1.057 11.0236
1.058 11.004
1.059 10.9843
1.06 10.9646
1.061 10.9448
1.062 10.9251
1.063 10.9052
1.064 10.8854
1.065 10.8654
1.066 10.8455
1.067 10.8255
1.068 10.8055
1.069 10.7854
1.07 10.7653
1.071 10.7452
1.072 10.725
1.073 10.7048
1.074 10.6846
1.075 10.6644
1.076 10.6441
1.077 10.6237
1.078 10.6034
1.079 10.583
1.08 10.5626
1.081 10.5422
1.082 10.5217
1.083 10.5012
1.084 10.4807
1.085 10.4601
1.086 10.4396
1.087 10.419
1.088 10.3984
1.089 10.3777
1.09 10.3571
1.091 10.3364
1.092 10.3157
1.093 10.295
1.094 10.2743
1.095 10.2535
1.096 10.2327
1.097 10.2119
1.098 10.1911
1.099 10.1703
1.1 10.1495
1.101 10.1286
1.102 10.1078
1.103 10.0869
1.104 10.066
1.105 10.0451
1.106 10.0242
1.107 10.0033
1.108 9.98236
1.109 9.96142
1.11 9.94047
1.111 9.91952
1.112 9.89855
1.113 9.87758
1.114 9.85661
1.115 9.83563
1.116 9.81464
1.117 9.79365
1.118 9.77265
1.119 9.75166
1.12 9.73065
1.121 9.70965
1.122 9.68864
1.123 9.66763
1.124 9.64662
1.125 9.62561
1.126 9.6046
1.127 9.58359
1.128 9.56258
1.129 9.54157
1.13 9.52056
1.131 9.49955
1.132 9.47855
1.133 9.45754
1.134 9.43654
1.135 9.41554
1.136 9.39455
1.137 9.37356
1.138 9.35257
1.139 9.33158
1.14 9.3106
1.141 9.28963
1.142 9.26865
1.143 9.24769
1.144 9.22672
1.145 9.20577
1.146 9.18481
1.147 9.16387
1.148 9.14293
1.149 9.12199
1.15 9.10106
1.151 9.08013
1.152 9.05921
1.153 9.0383
1.154 9.01739
1.155 8.99648
1.156 8.97558
1.157 8.95469
1.158 8.9338
1.159 8.91292
1.16 8.89204
1.161 8.87117
1.162 8.8503
1.163 8.82944
1.164 8.80858
1.165 8.78773
1.166 8.76688
1.167 8.74603
1.168 8.72519
1.169 8.70435
1.17 8.68351
1.171 8.66268
1.172 8.64185
1.173 8.62102
1.174 8.6002
1.175 8.57937
1.176 8.55855
1.177 8.53772
1.178 8.5169
1.179 8.49608
1.18 8.47526
1.181 8.45443
1.182 8.43361
1.183 8.41278
1.184 8.39195
1.185 8.37112
1.186 8.35028
1.187 8.32944
1.188 8.3086
1.189 8.28775
1.19 8.2669
1.191 8.24604
1.192 8.22517
1.193 8.2043
1.194 8.18341
1.195 8.16252
1.196 8.14163
1.197 8.12072
1.198 8.0998
1.199 8.07887
1.2 8.05792
1.201 8.03697
1.202 8.016
1.203 7.99502
1.204 7.97403
1.205 7.95301
1.206 7.93199
1.207 7.91094
1.208 7.88988
1.209 7.86881
1.21 7.84771
1.211 7.82659
1.212 7.80545
1.213 7.7843
1.214 7.76312
1.215 7.74191
1.216 7.72069
1.217 7.69944
1.218 7.67816
1.219 7.65686
1.22 7.63554
1.221 7.61418
1.222 7.5928
1.223 7.57139
1.224 7.54995
1.225 7.52848
1.226 7.50698
1.227 7.48545
1.228 7.46388
1.229 7.44229
1.23 7.42066
1.231 7.39899
1.232 7.37729
1.233 7.35555
1.234 7.33378
1.235 7.31196
1.236 7.29011
1.237 7.26823
1.238 7.2463
1.239 7.22433
1.24 7.20232
1.241 7.18027
1.242 7.15818
1.243 7.13604
1.244 7.11386
1.245 7.09164
1.246 7.06937
1.247 7.04706
1.248 7.0247
1.249 7.00229
1.25 6.97984
1.251 6.95734
1.252 6.93479
1.253 6.9122
1.254 6.88955
1.255 6.86686
1.256 6.84411
1.257 6.82132
1.258 6.79847
1.259 6.77558
1.26 6.75263
1.261 6.72963
1.262 6.70658
1.263 6.68348
1.264 6.66032
1.265 6.63712
1.266 6.61386
1.267 6.59054
1.268 6.56717
1.269 6.54375
1.27 6.52028
1.271 6.49675
1.272 6.47317
1.273 6.44953
1.274 6.42584
1.275 6.4021
1.276 6.3783
1.277 6.35445
1.278 6.33054
1.279 6.30658
1.28 6.28257
1.281 6.25851
1.282 6.23439
1.283 6.21022
1.284 6.18599
1.285 6.16172
1.286 6.13739
1.287 6.11301
1.288 6.08858
1.289 6.0641
1.29 6.03957
1.291 6.01499
1.292 5.99036
1.293 5.96569
1.294 5.94096
1.295 5.91619
1.296 5.89137
1.297 5.86651
1.298 5.8416
1.299 5.81664
1.3 5.79165
1.301 5.76661
1.302 5.74153
1.303 5.71641
1.304 5.69124
1.305 5.66604
1.306 5.64081
1.307 5.61553
1.308 5.59023
1.309 5.56488
1.31 5.53951
1.311 5.5141
1.312 5.48866
1.313 5.4632
1.314 5.4377
1.315 5.41218
1.316 5.38664
1.317 5.36107
1.318 5.33548
1.319 5.30987
1.32 5.28424
1.321 5.25859
1.322 5.23293
1.323 5.20726
1.324 5.18157
1.325 5.15587
1.326 5.13017
1.327 5.10446
1.328 5.07874
1.329 5.05302
1.33 5.0273
1.331 5.00158
1.332 4.97587
1.333 4.95016
1.334 4.92446
1.335 4.89877
1.336 4.87309
1.337 4.84742
1.338 4.82177
1.339 4.79614
1.34 4.77053
1.341 4.74494
1.342 4.71938
1.343 4.69385
1.344 4.66834
1.345 4.64287
1.346 4.61743
1.347 4.59203
1.348 4.56667
1.349 4.54135
1.35 4.51607
1.351 4.49084
1.352 4.46566
1.353 4.44053
1.354 4.41546
1.355 4.39044
1.356 4.36548
1.357 4.34058
1.358 4.31575
1.359 4.29098
1.36 4.26628
1.361 4.24166
1.362 4.2171
1.363 4.19262
1.364 4.16822
1.365 4.1439
1.366 4.11967
1.367 4.09552
1.368 4.07145
1.369 4.04748
1.37 4.0236
1.371 3.99981
1.372 3.97612
1.373 3.95253
1.374 3.92903
1.375 3.90564
1.376 3.88236
1.377 3.85918
1.378 3.8361
1.379 3.81314
1.38 3.79029
1.381 3.76755
1.382 3.74492
1.383 3.72241
1.384 3.70002
1.385 3.67774
1.386 3.65559
1.387 3.63355
1.388 3.61163
1.389 3.58984
1.39 3.56817
1.391 3.54662
1.392 3.52519
1.393 3.50389
1.394 3.48272
1.395 3.46167
1.396 3.44074
1.397 3.41993
1.398 3.39926
1.399 3.3787
1.4 3.35827
