0.0174533 2.00508
0.0349066 2.0052
0.0523599 2.0054
0.0698132 2.00564
0.0872665 2.006
0.10472 2.00644
0.122173 2.00692
0.139626 2.00748
0.15708 2.00816
0.174533 2.00888
0.191986 2.00968
0.20944 2.01056
0.226893 2.01152
0.244346 2.01256
0.261799 2.01368
0.279253 2.01488
0.296706 2.01612
0.314159 2.01748
0.331613 2.01892
0.349066 2.02044
0.366519 2.022
0.383972 2.02368
0.401426 2.02544
0.418879 2.02724
0.436332 2.02916
0.453786 2.03116
0.471239 2.03324
0.488692 2.0354
0.506145 2.03764
0.523599 2.03996
0.541052 2.04236
0.558505 2.04484
0.575959 2.04744
0.593412 2.05008
0.610865 2.05284
0.628319 2.05568
0.645772 2.0586
0.663225 2.0616
0.680678 2.06468
0.698132 2.06788
0.715585 2.07116
0.733038 2.07452
0.750492 2.078
0.767945 2.08156
0.785398 2.0852
0.802851 2.08892
0.820305 2.09276
0.837758 2.09672
0.855211 2.10072
0.872665 2.10488
0.890118 2.10908
0.907571 2.1134
0.925025 2.11784
0.942478 2.12236
0.959931 2.127
0.977384 2.13176
0.994838 2.1366
1.01229 2.14156
1.02974 2.1466
1.0472 2.15176
1.06465 2.15708
1.0821 2.16244
1.09956 2.16796
1.11701 2.1736
1.13446 2.17932
1.15192 2.1852
1.16937 2.19116
1.18682 2.19728
1.20428 2.20348
1.22173 2.20984
1.23918 2.21632
1.25664 2.22292
1.27409 2.22968
1.29154 2.23656
1.309 2.24356
1.32645 2.25072
1.3439 2.258
1.36136 2.26544
1.37881 2.273
1.39626 2.28072
1.41372 2.2886
1.43117 2.2966
1.44862 2.3048
1.46608 2.31312
1.48353 2.32164
1.50098 2.33028
1.51844 2.33912
1.53589 2.34812
1.55334 2.35728
1.5708 2.36664
1.58825 2.37616
1.6057 2.38588
1.62316 2.39576
1.64061 2.40588
1.65806 2.41616
1.67552 2.42664
1.69297 2.43732
1.71042 2.44824
1.72788 2.45936
1.74533 2.47068
1.76278 2.48224
1.78024 2.494
1.79769 2.50604
1.81514 2.51828
1.8326 2.5308
1.85005 2.54356
1.8675 2.55656
1.88496 2.56984
1.90241 2.5834
1.91986 2.5972
1.93732 2.61132
1.95477 2.62572
1.97222 2.64044
1.98968 2.65548
2.00713 2.6708
2.02458 2.68648
2.04204 2.70252
2.05949 2.71888
2.07694 2.7356
2.0944 2.75268
2.11185 2.77016
2.1293 2.78804
2.14675 2.80632
2.16421 2.82504
2.18166 2.8442
2.19911 2.8638
2.21657 2.88384
2.23402 2.9044
2.25147 2.92548
2.26893 2.94704
2.28638 2.9692
2.30383 2.99188
2.32129 3.01516
2.33874 3.03908
2.35619 3.0636
2.37365 3.0888
2.3911 3.11472
2.40855 3.14136
2.42601 3.16876
2.44346 3.19692
2.46091 3.22596
2.47837 3.25588
2.49582 3.28672
2.51327 3.31856
2.53073 3.3514
2.54818 3.38532
2.56563 3.4204
2.58309 3.45672
2.60054 3.49432
2.61799 3.53328
2.63545 3.57376
2.6529 3.61576
2.67035 3.65948
2.68781 3.705
2.70526 3.75244
2.72271 3.802
2.74017 3.85384
2.75762 3.90816
2.77507 3.96516
2.79253 4.02516
2.80998 4.0884
2.82743 4.15524
2.84489 4.22612
2.86234 4.30148
2.87979 4.38192
2.89725 4.46812
2.9147 4.56092
2.93215 4.6614
2.94961 4.77088
2.96706 4.89104
2.98451 5.02412
3.00197 5.17316
3.01942 5.3424
3.03687 5.53808
3.05433 5.76984
3.07178 6.05384
3.08923 6.42036
3.10669 6.9374
